Date_reported,Country_code,Country,WHO_region,New_cases,Cumulative_cases,New_deaths,Cumulative_deaths
2022-01-01,KR,Republic of Korea,WPRO,3828,639078,69,5694
2022-01-02,KR,Republic of Korea,WPRO,3124,642202,36,5730
2022-01-03,KR,Republic of Korea,WPRO,3023,645225,51,5781
2022-01-04,KR,Republic of Korea,WPRO,4441,649666,57,5838
2022-01-05,KR,Republic of Korea,WPRO,4125,653791,49,5887
2022-01-06,KR,Republic of Korea,WPRO,3714,657505,45,5932
2022-01-07,KR,Republic of Korea,WPRO,3510,661015,54,5986
2022-01-08,KR,Republic of Korea,WPRO,3368,664383,51,6037
2022-01-09,KR,Republic of Korea,WPRO,3003,667386,34,6071
2022-01-10,KR,Republic of Korea,WPRO,3094,670480,43,6114
2022-01-11,KR,Republic of Korea,WPRO,4383,674863,52,6166
2022-01-12,KR,Republic of Korea,WPRO,4161,679024,44,6210
2022-01-13,KR,Republic of Korea,WPRO,4542,683566,49,6259
2022-01-14,KR,Republic of Korea,WPRO,4414,687980,22,6281
2022-01-15,KR,Republic of Korea,WPRO,4193,692173,29,6310
2022-01-16,KR,Republic of Korea,WPRO,3857,696030,23,6333
2022-01-17,KR,Republic of Korea,WPRO,4067,700097,45,6378
2022-01-18,KR,Republic of Korea,WPRO,5803,705900,74,6452
2022-01-19,KR,Republic of Korea,WPRO,6600,712500,28,6480
2022-01-20,KR,Republic of Korea,WPRO,6769,719269,21,6501
2022-01-21,KR,Republic of Korea,WPRO,7003,726272,28,6529
2022-01-22,KR,Republic of Korea,WPRO,7628,733900,11,6540
2022-01-23,KR,Republic of Korea,WPRO,7508,741408,25,6565
2022-01-24,KR,Republic of Korea,WPRO,8563,749971,23,6588
2022-01-25,KR,Republic of Korea,WPRO,13008,762979,32,6620
2022-01-26,KR,Republic of Korea,WPRO,14507,777486,34,6654
2022-01-27,KR,Republic of Korea,WPRO,16096,793582,24,6678
2022-01-28,KR,Republic of Korea,WPRO,17523,811105,34,6712
2022-01-29,KR,Republic of Korea,WPRO,17519,828624,20,6732
2022-01-30,KR,Republic of Korea,WPRO,17075,845699,23,6755
2022-01-31,KR,Republic of Korea,WPRO,18341,864040,17,6772
2022-02-01,KR,Republic of Korea,WPRO,20267,884307,15,6787
2022-02-02,KR,Republic of Korea,WPRO,22906,907213,25,6812
2022-02-03,KR,Republic of Korea,WPRO,27437,934650,24,6836
2022-02-04,KR,Republic of Korea,WPRO,36347,970997,22,6858
2022-02-05,KR,Republic of Korea,WPRO,38680,1009677,15,6873
2022-02-06,KR,Republic of Korea,WPRO,35285,1044962,13,6886
2022-02-07,KR,Republic of Korea,WPRO,36710,1081672,36,6922
2022-02-08,KR,Republic of Korea,WPRO,49567,1131239,21,6943
2022-02-09,KR,Republic of Korea,WPRO,54122,1185361,20,6963
2022-02-10,KR,Republic of Korea,WPRO,53926,1239287,49,7012
2022-02-11,KR,Republic of Korea,WPRO,54912,1294199,33,7045
2022-02-12,KR,Republic of Korea,WPRO,56428,1350627,36,7081
2022-02-13,KR,Republic of Korea,WPRO,54617,1405244,21,7102
2022-02-14,KR,Republic of Korea,WPRO,57164,1462408,61,7163
2022-02-15,KR,Republic of Korea,WPRO,90435,1552843,39,7202
2022-02-16,KR,Republic of Korea,WPRO,93132,1645975,36,7238
2022-02-17,KR,Republic of Korea,WPRO,109823,1755798,45,7283
2022-02-18,KR,Republic of Korea,WPRO,102210,1858008,71,7354
2022-02-19,KR,Republic of Korea,WPRO,104814,1962822,51,7405
2022-02-20,KR,Republic of Korea,WPRO,95339,2058161,45,7450
2022-02-21,KR,Republic of Korea,WPRO,99569,2157730,58,7508
2022-02-22,KR,Republic of Korea,WPRO,171442,2329172,99,7607
2022-02-23,KR,Republic of Korea,WPRO,170015,2499187,82,7689
2022-02-24,KR,Republic of Korea,WPRO,165890,2665077,94,7783
2022-02-25,KR,Republic of Korea,WPRO,166198,2831275,112,7895
2022-02-26,KR,Republic of Korea,WPRO,163555,2994830,49,7944
2022-02-27,KR,Republic of Korea,WPRO,139626,3134456,114,8058
2022-02-28,KR,Republic of Korea,WPRO,138989,3273445,112,8170
2022-03-01,KR,Republic of Korea,WPRO,219240,3492685,96,8266
2022-03-02,KR,Republic of Korea,WPRO,198788,3691473,128,8394
2022-03-03,KR,Republic of Korea,WPRO,266853,3958326,186,8580
2022-03-04,KR,Republic of Korea,WPRO,254310,4212636,216,8796
2022-03-05,KR,Republic of Korea,WPRO,243625,4456261,161,8957
2022-03-06,KR,Republic of Korea,WPRO,210709,4666970,139,9096
2022-03-07,KR,Republic of Korea,WPRO,202702,4869672,186,9282
2022-03-08,KR,Republic of Korea,WPRO,342429,5212101,158,9440
2022-03-09,KR,Republic of Korea,WPRO,327538,5539639,206,9646
2022-03-10,KR,Republic of Korea,WPRO,282973,5822612,229,9875
2022-03-11,KR,Republic of Korea,WPRO,383651,6206263,269,10144
2022-03-12,KR,Republic of Korea,WPRO,350169,6556432,251,10395
2022-03-13,KR,Republic of Korea,WPRO,309780,6866212,200,10595
2022-03-14,KR,Republic of Korea,WPRO,362322,7228534,293,10888
2022-03-15,KR,Republic of Korea,WPRO,400730,7629264,164,11052
2022-03-16,KR,Republic of Korea,WPRO,621328,8250592,429,11481
2022-03-17,KR,Republic of Korea,WPRO,407017,8657609,301,11782
2022-03-18,KR,Republic of Korea,WPRO,381329,9038938,319,12101
2022-03-19,KR,Republic of Korea,WPRO,334708,9373646,327,12428
2022-03-20,KR,Republic of Korea,WPRO,208914,9582560,329,12757
2022-03-21,KR,Republic of Korea,WPRO,353806,9936366,384,13141
2022-03-22,KR,Republic of Korea,WPRO,490872,10427238,291,13432
2022-03-23,KR,Republic of Korea,WPRO,395480,10822718,470,13902
2022-03-24,KR,Republic of Korea,WPRO,339514,11162232,392,14294
2022-03-25,KR,Republic of Korea,WPRO,335479,11497711,323,14617
2022-03-26,KR,Republic of Korea,WPRO,318130,11815841,282,14899
2022-03-27,KR,Republic of Korea,WPRO,187033,12002874,287,15186
2022-03-28,KR,Republic of Korea,WPRO,347441,12350315,237,15423
2022-03-29,KR,Republic of Korea,WPRO,424573,12774888,432,15855
2022-03-30,KR,Republic of Korea,WPRO,320657,13095545,375,16230
2022-03-31,KR,Republic of Korea,WPRO,280273,13375818,360,16590
2022-04-01,KR,Republic of Korea,WPRO,264097,13639915,339,16929
2022-04-02,KR,Republic of Korea,WPRO,234301,13874216,306,17235
2022-04-03,KR,Republic of Korea,WPRO,127050,14001266,218,17453
2022-04-04,KR,Republic of Korea,WPRO,266084,14267350,209,17662
2022-04-05,KR,Republic of Korea,WPRO,286235,14553585,371,18033
2022-04-06,KR,Republic of Korea,WPRO,224776,14778361,348,18381
2022-04-07,KR,Republic of Korea,WPRO,205333,14983694,373,18754
2022-04-08,KR,Republic of Korea,WPRO,185495,15169189,338,19092
2022-04-09,KR,Republic of Korea,WPRO,164481,15333670,329,19421
2022-04-10,KR,Republic of Korea,WPRO,90849,15424519,258,19679
2022-04-11,KR,Republic of Korea,WPRO,210706,15635225,171,19850
2022-04-12,KR,Republic of Korea,WPRO,195393,15830618,184,20034
2022-04-13,KR,Republic of Korea,WPRO,148405,15979023,318,20352
2022-04-14,KR,Republic of Korea,WPRO,125846,16104869,264,20616
2022-04-15,KR,Republic of Korea,WPRO,107882,16212751,273,20889
2022-04-16,KR,Republic of Korea,WPRO,93001,16305752,203,21092
2022-04-17,KR,Republic of Korea,WPRO,47684,16353436,132,21224
2022-04-18,KR,Republic of Korea,WPRO,118465,16471901,130,21354
2022-04-19,KR,Republic of Korea,WPRO,111277,16583178,166,21520
2022-04-20,KR,Republic of Korea,WPRO,90819,16673997,147,21667
2022-04-21,KR,Republic of Korea,WPRO,81058,16755055,206,21873
2022-04-22,KR,Republic of Korea,WPRO,75414,16830469,151,22024
2022-04-23,KR,Republic of Korea,WPRO,64725,16895194,109,22133
2022-04-24,KR,Republic of Korea,WPRO,34310,16929504,110,22243
2022-04-25,KR,Republic of Korea,WPRO,80335,17009839,82,22325
2022-04-26,KR,Republic of Korea,WPRO,76762,17086601,141,22466
2022-04-27,KR,Republic of Korea,WPRO,57447,17144048,122,22588
2022-04-28,KR,Republic of Korea,WPRO,50544,17194592,136,22724
2022-04-29,KR,Republic of Korea,WPRO,43286,17237878,70,22794
2022-04-30,KR,Republic of Korea,WPRO,37771,17275649,81,22875
2022-05-01,KR,Republic of Korea,WPRO,19973,17295622,83,22958
2022-05-02,KR,Republic of Korea,WPRO,51105,17346727,49,23007
2022-05-03,KR,Republic of Korea,WPRO,49045,17395772,72,23079
2022-05-04,KR,Republic of Korea,WPRO,42296,17438068,79,23158
2022-05-05,KR,Republic of Korea,WPRO,26714,17464782,48,23206
2022-05-06,KR,Republic of Korea,WPRO,39552,17504334,83,23289
2022-05-07,KR,Republic of Korea,WPRO,40064,17544398,71,23360
2022-05-08,KR,Republic of Korea,WPRO,20564,17564962,40,23400
2022-05-09,KR,Republic of Korea,WPRO,49907,17614869,62,23462
2022-05-10,KR,Republic of Korea,WPRO,43902,17658771,29,23491
2022-05-11,KR,Republic of Korea,WPRO,35864,17694635,63,23554
2022-05-12,KR,Republic of Korea,WPRO,32451,17727086,52,23606
2022-05-13,KR,Republic of Korea,WPRO,29541,17756627,55,23661
2022-05-14,KR,Republic of Korea,WPRO,25434,17782061,48,23709
2022-05-15,KR,Republic of Korea,WPRO,13251,17795312,35,23744
2022-05-16,KR,Republic of Korea,WPRO,35080,17830392,27,23771
2022-05-17,KR,Republic of Korea,WPRO,31327,17861719,31,23802
2022-05-18,KR,Republic of Korea,WPRO,28113,17889832,40,23842
2022-05-19,KR,Republic of Korea,WPRO,25105,17914937,43,23885
2022-05-20,KR,Republic of Korea,WPRO,23462,17938399,26,23911
2022-05-21,KR,Republic of Korea,WPRO,19298,17957697,54,23965
2022-05-22,KR,Republic of Korea,WPRO,9944,17967641,22,23987
2022-05-23,KR,Republic of Korea,WPRO,26326,17993967,19,24006
2022-05-24,KR,Republic of Korea,WPRO,23937,18017904,23,24029
2022-05-25,KR,Republic of Korea,WPRO,18799,18036703,34,24063
2022-05-26,KR,Republic of Korea,WPRO,16584,18053287,40,24103
2022-05-27,KR,Republic of Korea,WPRO,14382,18067669,36,24139
2022-05-28,KR,Republic of Korea,WPRO,12654,18080323,19,24158
2022-05-29,KR,Republic of Korea,WPRO,6124,18086447,9,24167
2022-05-30,KR,Republic of Korea,WPRO,17171,18103618,9,24176
2022-05-31,KR,Republic of Korea,WPRO,15797,18119415,21,24197
2022-06-01,KR,Republic of Korea,WPRO,9878,18129293,15,24212
2022-06-02,KR,Republic of Korea,WPRO,12510,18141803,17,24229
2022-06-03,KR,Republic of Korea,WPRO,12048,18153851,9,24238
2022-06-04,KR,Republic of Korea,WPRO,9835,18163686,20,24258
2022-06-05,KR,Republic of Korea,WPRO,5022,18168708,21,24279
2022-06-06,KR,Republic of Korea,WPRO,6134,18174842,20,24299
2022-06-07,KR,Republic of Korea,WPRO,13343,18188185,6,24305
2022-06-08,KR,Republic of Korea,WPRO,12150,18200335,18,24323
2022-06-09,KR,Republic of Korea,WPRO,9315,18209650,18,24341
2022-06-10,KR,Republic of Korea,WPRO,8428,18218078,10,24351
2022-06-11,KR,Republic of Korea,WPRO,7382,18225460,20,24371
2022-06-12,KR,Republic of Korea,WPRO,3818,18229278,17,24388
2022-06-13,KR,Republic of Korea,WPRO,9766,18239044,2,24390
2022-06-14,KR,Republic of Korea,WPRO,9419,18248463,9,24399
2022-06-15,KR,Republic of Korea,WPRO,7982,18256445,8,24407
2022-06-16,KR,Republic of Korea,WPRO,7198,18263643,9,24416
2022-06-17,KR,Republic of Korea,WPRO,6842,18270485,11,24427
2022-06-18,KR,Republic of Korea,WPRO,6067,18276552,14,24441
2022-06-19,KR,Republic of Korea,WPRO,3511,18280063,10,24451
2022-06-20,KR,Republic of Korea,WPRO,9286,18289349,12,24463
2022-06-21,KR,Republic of Korea,WPRO,8937,18298286,11,24474
2022-06-22,KR,Republic of Korea,WPRO,7480,18305766,14,24488
2022-06-23,KR,Republic of Korea,WPRO,7227,18312993,10,24498
2022-06-24,KR,Republic of Korea,WPRO,6780,18319773,21,24519
2022-06-25,KR,Republic of Korea,WPRO,6246,18326019,3,24522
2022-06-26,KR,Republic of Korea,WPRO,3404,18329423,3,24525
2022-06-27,KR,Republic of Korea,WPRO,9870,18339293,5,24530
2022-06-28,KR,Republic of Korea,WPRO,10453,18349746,7,24537
2022-06-29,KR,Republic of Korea,WPRO,9583,18359329,10,24547
2022-06-30,KR,Republic of Korea,WPRO,9528,18368857,8,24555
2022-07-01,KR,Republic of Korea,WPRO,10695,18379552,7,24562
2022-07-02,KR,Republic of Korea,WPRO,10059,18389611,8,24570
2022-07-03,KR,Republic of Korea,WPRO,0,18389611,4,24574
2022-07-04,KR,Republic of Korea,WPRO,6239,18395850,2,24576
2022-07-05,KR,Republic of Korea,WPRO,18138,18413988,7,24583
2022-07-06,KR,Republic of Korea,WPRO,19363,18433351,10,24593
2022-07-07,KR,Republic of Korea,WPRO,18498,18451849,12,24605
2022-07-08,KR,Republic of Korea,WPRO,19323,18471172,19,24624
2022-07-09,KR,Republic of Korea,WPRO,20263,18491435,19,24643
2022-07-10,KR,Republic of Korea,WPRO,20410,18511845,18,24661
2022-07-11,KR,Republic of Korea,WPRO,12656,18524501,7,24668
2022-07-12,KR,Republic of Korea,WPRO,37342,18561843,12,24680
2022-07-13,KR,Republic of Korea,WPRO,40239,18602082,16,24696
2022-07-14,KR,Republic of Korea,WPRO,39178,18641260,16,24712
2022-07-15,KR,Republic of Korea,WPRO,38845,18680105,16,24728
2022-07-16,KR,Republic of Korea,WPRO,41310,18721415,14,24742
2022-07-17,KR,Republic of Korea,WPRO,40342,18761757,11,24753
2022-07-18,KR,Republic of Korea,WPRO,26254,18788011,12,24765
2022-07-19,KR,Republic of Korea,WPRO,73558,18861569,12,24777
2022-07-20,KR,Republic of Korea,WPRO,76341,18937910,17,24794
2022-07-21,KR,Republic of Korea,WPRO,71117,19009027,31,24825
2022-07-22,KR,Republic of Korea,WPRO,68632,19077659,30,24855
2022-07-23,KR,Republic of Korea,WPRO,68521,19146180,18,24873
2022-07-24,KR,Republic of Korea,WPRO,65433,19211613,17,24890
2022-07-25,KR,Republic of Korea,WPRO,35824,19247437,17,24907
2022-07-26,KR,Republic of Korea,WPRO,99224,19346661,25,24932
2022-07-27,KR,Republic of Korea,WPRO,100197,19446858,25,24957
2022-07-28,KR,Republic of Korea,WPRO,88339,19535197,35,24992
2022-07-29,KR,Republic of Korea,WPRO,85320,19620517,35,25027
2022-07-30,KR,Republic of Korea,WPRO,81944,19702461,20,25047
2022-07-31,KR,Republic of Korea,WPRO,73589,19776050,21,25068
2022-08-01,KR,Republic of Korea,WPRO,44600,19820650,16,25084
2022-08-02,KR,Republic of Korea,WPRO,111733,19932383,26,25110
2022-08-03,KR,Republic of Korea,WPRO,119877,20052260,34,25144
2022-08-04,KR,Republic of Korea,WPRO,107850,20160110,47,25191
2022-08-05,KR,Republic of Korea,WPRO,112901,20273011,45,25236
2022-08-06,KR,Republic of Korea,WPRO,110610,20383621,27,25263
2022-08-07,KR,Republic of Korea,WPRO,105507,20489128,29,25292
2022-08-08,KR,Republic of Korea,WPRO,55214,20544342,40,25332
2022-08-09,KR,Republic of Korea,WPRO,149839,20694181,50,25382
2022-08-10,KR,Republic of Korea,WPRO,151747,20845928,59,25441
2022-08-11,KR,Republic of Korea,WPRO,137198,20983126,58,25499
2022-08-12,KR,Republic of Korea,WPRO,128714,21111840,67,25566
2022-08-13,KR,Republic of Korea,WPRO,124515,21236355,57,25623
2022-08-14,KR,Republic of Korea,WPRO,119603,21355958,50,25673
2022-08-15,KR,Republic of Korea,WPRO,62078,21418036,37,25710
2022-08-16,KR,Republic of Korea,WPRO,83977,21502013,42,25752
2022-08-17,KR,Republic of Korea,WPRO,180709,21682722,61,25813
2022-08-18,KR,Republic of Korea,WPRO,178503,21861225,83,25896
2022-08-19,KR,Republic of Korea,WPRO,138812,22000037,84,25980
2022-08-20,KR,Republic of Korea,WPRO,129350,22129387,64,26044
2022-08-21,KR,Republic of Korea,WPRO,110944,22240331,65,26109
2022-08-22,KR,Republic of Korea,WPRO,58886,22299217,52,26161
2022-08-23,KR,Republic of Korea,WPRO,150084,22449301,63,26224
2022-08-24,KR,Republic of Korea,WPRO,139249,22588550,108,26332
2022-08-25,KR,Republic of Korea,WPRO,113295,22701845,81,26413
2022-08-26,KR,Republic of Korea,WPRO,101140,22802985,86,26499
2022-08-27,KR,Republic of Korea,WPRO,95538,22898523,70,26569
2022-08-28,KR,Republic of Korea,WPRO,85295,22983818,49,26618
2022-08-29,KR,Republic of Korea,WPRO,43023,23026841,71,26689
2022-08-30,KR,Republic of Korea,WPRO,115596,23142437,75,26764
2022-08-31,KR,Republic of Korea,WPRO,103887,23246324,112,26876
2022-09-01,KR,Republic of Korea,WPRO,81515,23327839,64,26940
2022-09-02,KR,Republic of Korea,WPRO,89586,23417425,74,27014
2022-09-03,KR,Republic of Korea,WPRO,79623,23497048,79,27093
2022-09-04,KR,Republic of Korea,WPRO,72144,23569192,56,27149
2022-09-05,KR,Republic of Korea,WPRO,37448,23606640,44,27193
2022-09-06,KR,Republic of Korea,WPRO,99781,23706421,56,27249
2022-09-07,KR,Republic of Korea,WPRO,85493,23791914,64,27313
2022-09-08,KR,Republic of Korea,WPRO,72625,23864539,68,27381
2022-09-09,KR,Republic of Korea,WPRO,69410,23933949,22,27403
2022-09-10,KR,Republic of Korea,WPRO,42724,23976673,48,27451
2022-09-11,KR,Republic of Korea,WPRO,28214,24004887,47,27498
2022-09-12,KR,Republic of Korea,WPRO,36938,24041825,35,27533
2022-09-13,KR,Republic of Korea,WPRO,57309,24099134,60,27593
2022-09-14,KR,Republic of Korea,WPRO,93865,24192999,72,27665
2022-09-15,KR,Republic of Korea,WPRO,71429,24264428,60,27725
2022-09-16,KR,Republic of Korea,WPRO,51874,24316302,46,27771
2022-09-17,KR,Republic of Korea,WPRO,43457,24359759,57,27828
2022-09-18,KR,Republic of Korea,WPRO,34707,24394466,39,27867
2022-09-19,KR,Republic of Korea,WPRO,19354,24413820,24,27891
2022-09-20,KR,Republic of Korea,WPRO,47862,24461682,59,27950
2022-09-21,KR,Republic of Korea,WPRO,41249,24502931,59,28009
2022-09-22,KR,Republic of Korea,WPRO,32982,24535913,68,28077
2022-09-23,KR,Republic of Korea,WPRO,29108,24565021,63,28140
2022-09-24,KR,Republic of Korea,WPRO,29315,24594336,73,28213
2022-09-25,KR,Republic of Korea,WPRO,25792,24620128,33,28246
2022-09-26,KR,Republic of Korea,WPRO,14110,24634238,26,28272
2022-09-27,KR,Republic of Korea,WPRO,39392,24673630,46,28318
2022-09-28,KR,Republic of Korea,WPRO,36124,24709754,46,28364
2022-09-29,KR,Republic of Korea,WPRO,30850,24740604,42,28406
2022-09-30,KR,Republic of Korea,WPRO,28497,24769101,39,28445
2022-10-01,KR,Republic of Korea,WPRO,26913,24796014,44,28489
2022-10-02,KR,Republic of Korea,WPRO,23597,24819611,20,28509
2022-10-03,KR,Republic of Korea,WPRO,12150,24831761,19,28528
2022-10-04,KR,Republic of Korea,WPRO,16394,24848155,16,28544
2022-10-05,KR,Republic of Korea,WPRO,34694,24882849,29,28573
2022-10-06,KR,Republic of Korea,WPRO,28609,24911458,41,28614
2022-10-07,KR,Republic of Korea,WPRO,22298,24933756,32,28646
2022-10-08,KR,Republic of Korea,WPRO,19379,24953135,29,28675
2022-10-09,KR,Republic of Korea,WPRO,17654,24970789,23,28698
2022-10-10,KR,Republic of Korea,WPRO,8981,24979770,10,28708
2022-10-11,KR,Republic of Korea,WPRO,15444,24995214,15,28723
2022-10-12,KR,Republic of Korea,WPRO,30506,25025720,25,28748
2022-10-13,KR,Republic of Korea,WPRO,26936,25052656,35,28783
2022-10-14,KR,Republic of Korea,WPRO,23583,25076239,25,28808
2022-10-15,KR,Republic of Korea,WPRO,22757,25098996,32,28840
2022-10-16,KR,Republic of Korea,WPRO,21469,25120465,11,28851
2022-10-17,KR,Republic of Korea,WPRO,10982,25131447,5,28856
2022-10-18,KR,Republic of Korea,WPRO,33227,25164674,43,28899
2022-10-19,KR,Republic of Korea,WPRO,29441,25194115,23,28922
2022-10-20,KR,Republic of Korea,WPRO,25389,25219504,30,28952
2022-10-21,KR,Republic of Korea,WPRO,24751,25244255,22,28974
2022-10-22,KR,Republic of Korea,WPRO,26823,25271078,16,28990
2022-10-23,KR,Republic of Korea,WPRO,26256,25297334,10,29000
2022-10-24,KR,Republic of Korea,WPRO,14257,25311591,17,29017
2022-10-25,KR,Republic of Korea,WPRO,43722,25355313,26,29043
2022-10-26,KR,Republic of Korea,WPRO,40807,25396120,26,29069
2022-10-27,KR,Republic of Korea,WPRO,34948,25431068,31,29100
2022-10-28,KR,Republic of Korea,WPRO,35899,25466967,31,29131
2022-10-29,KR,Republic of Korea,WPRO,37321,25504288,27,29158
2022-10-30,KR,Republic of Korea,WPRO,34511,25538799,18,29176
2022-10-31,KR,Republic of Korea,WPRO,18510,25557309,54,29230
2022-11-01,KR,Republic of Korea,WPRO,58332,25615641,9,29239
2022-11-02,KR,Republic of Korea,WPRO,54740,25670381,41,29280
2022-11-03,KR,Republic of Korea,WPRO,46871,25717252,35,29315
2022-11-04,KR,Republic of Korea,WPRO,43449,25760701,41,29356
2022-11-05,KR,Republic of Korea,WPRO,40863,25801564,18,29374
2022-11-06,KR,Republic of Korea,WPRO,36675,25838239,16,29390
2022-11-07,KR,Republic of Korea,WPRO,18671,25856910,30,29420
2022-11-08,KR,Republic of Korea,WPRO,62273,25919183,59,29479
2022-11-09,KR,Republic of Korea,WPRO,62472,25981655,52,29531
2022-11-10,KR,Republic of Korea,WPRO,55365,26037020,86,29617
2022-11-11,KR,Republic of Korea,WPRO,54519,26091539,48,29665
2022-11-12,KR,Republic of Korea,WPRO,54328,26145867,44,29709
2022-11-13,KR,Republic of Korea,WPRO,48362,26194229,39,29748
2022-11-14,KR,Republic of Korea,WPRO,23765,26217994,47,29795
2022-11-15,KR,Republic of Korea,WPRO,72883,26290877,67,29862
2022-11-16,KR,Republic of Korea,WPRO,66587,26357464,63,29925
2022-11-17,KR,Republic of Korea,WPRO,55437,26412901,65,29990
2022-11-18,KR,Republic of Korea,WPRO,49418,26462319,41,30031
2022-11-19,KR,Republic of Korea,WPRO,50435,26512754,35,30066
2022-11-20,KR,Republic of Korea,WPRO,46011,26558765,45,30111
2022-11-21,KR,Republic of Korea,WPRO,23091,26581856,53,30164
2022-11-22,KR,Republic of Korea,WPRO,72873,26654729,59,30223
2022-11-23,KR,Republic of Korea,WPRO,70324,26725053,55,30278
2022-11-24,KR,Republic of Korea,WPRO,59089,26784142,52,30330
2022-11-25,KR,Republic of Korea,WPRO,53698,26837840,39,30369
2022-11-26,KR,Republic of Korea,WPRO,52648,26890488,44,30413
2022-11-27,KR,Republic of Korea,WPRO,47028,26937516,41,30454
2022-11-28,KR,Republic of Korea,WPRO,22327,26959843,52,30506
2022-11-29,KR,Republic of Korea,WPRO,71476,27031319,62,30568
2022-11-30,KR,Republic of Korea,WPRO,67415,27098734,53,30621
2022-12-01,KR,Republic of Korea,WPRO,57079,27155813,48,30669
2022-12-02,KR,Republic of Korea,WPRO,52987,27208800,60,30729
2022-12-03,KR,Republic of Korea,WPRO,52726,27261526,40,30769
2022-12-04,KR,Republic of Korea,WPRO,46564,27308090,24,30793
2022-12-05,KR,Republic of Korea,WPRO,23160,27331250,54,30847
2022-12-06,KR,Republic of Korea,WPRO,77604,27408854,61,30908
2022-12-07,KR,Republic of Korea,WPRO,74714,27483568,67,30975
2022-12-08,KR,Republic of Korea,WPRO,65253,27548821,0,30975
2022-12-09,KR,Republic of Korea,WPRO,62604,27611425,94,31069
2022-12-10,KR,Republic of Korea,WPRO,62738,27674163,30,31099
2022-12-11,KR,Republic of Korea,WPRO,54319,27728482,29,31128
2022-12-12,KR,Republic of Korea,WPRO,25667,27754149,46,31174
2022-12-13,KR,Republic of Korea,WPRO,86852,27841001,58,31232
2022-12-14,KR,Republic of Korea,WPRO,84571,27925572,66,31298
2022-12-15,KR,Republic of Korea,WPRO,70154,27995726,55,31353
2022-12-16,KR,Republic of Korea,WPRO,66953,28062679,42,31395
2022-12-17,KR,Republic of Korea,WPRO,66752,28129431,39,31434
2022-12-18,KR,Republic of Korea,WPRO,58862,28188293,56,31490
2022-12-19,KR,Republic of Korea,WPRO,26622,28214915,59,31549
2022-12-20,KR,Republic of Korea,WPRO,87559,28302474,62,31611
2022-12-21,KR,Republic of Korea,WPRO,88172,28390646,63,31674
2022-12-22,KR,Republic of Korea,WPRO,75744,28466390,70,31744
2022-12-23,KR,Republic of Korea,WPRO,68168,28534558,46,31790
2022-12-24,KR,Republic of Korea,WPRO,66049,28600607,42,31832
2022-12-25,KR,Republic of Korea,WPRO,58448,28659055,50,31882
2022-12-26,KR,Republic of Korea,WPRO,25545,28684600,69,31951
2022-12-27,KR,Republic of Korea,WPRO,87451,28772051,76,32027
2022-12-28,KR,Republic of Korea,WPRO,87498,28859549,68,32095
2022-12-29,KR,Republic of Korea,WPRO,71413,28930962,61,32156
2022-12-30,KR,Republic of Korea,WPRO,65207,28996169,63,32219
2022-12-31,KR,Republic of Korea,WPRO,63104,29059273,53,32272
2023-01-01,KR,Republic of Korea,WPRO,57527,29116800,29,32301
2023-01-02,KR,Republic of Korea,WPRO,22735,29139535,54,32355
2023-01-03,KR,Republic of Korea,WPRO,81056,29220591,66,32421
2023-01-04,KR,Republic of Korea,WPRO,78575,29299166,75,32496
2023-01-05,KR,Republic of Korea,WPRO,64106,29363272,60,32556
2023-01-06,KR,Republic of Korea,WPRO,56954,29420226,34,32590
2023-01-07,KR,Republic of Korea,WPRO,53608,29473834,35,32625
2023-01-08,KR,Republic of Korea,WPRO,46766,29520600,44,32669
2023-01-09,KR,Republic of Korea,WPRO,19106,29539706,76,32745
2023-01-10,KR,Republic of Korea,WPRO,60041,29599747,76,32821
2023-01-11,KR,Republic of Korea,WPRO,54343,29654090,46,32867
2023-01-12,KR,Republic of Korea,WPRO,43953,29698043,45,32912
2023-01-13,KR,Republic of Korea,WPRO,39726,29737769,37,32949
2023-01-14,KR,Republic of Korea,WPRO,36552,29774321,35,32984
2023-01-15,KR,Republic of Korea,WPRO,32570,29806891,30,33014
2023-01-16,KR,Republic of Korea,WPRO,14144,29821035,43,33057
2023-01-17,KR,Republic of Korea,WPRO,40199,29861234,47,33104
2023-01-18,KR,Republic of Korea,WPRO,36908,29898142,30,33134
2023-01-19,KR,Republic of Korea,WPRO,29816,29927958,51,33185
2023-01-20,KR,Republic of Korea,WPRO,27408,29955366,24,33209
2023-01-21,KR,Republic of Korea,WPRO,27539,29982905,26,33235
2023-01-22,KR,Republic of Korea,WPRO,16624,29999529,10,33245
2023-01-23,KR,Republic of Korea,WPRO,9227,30008756,25,33270
2023-01-24,KR,Republic of Korea,WPRO,12262,30021018,26,33296
2023-01-25,KR,Republic of Korea,WPRO,19538,30040556,36,33332
2023-01-26,KR,Republic of Korea,WPRO,35096,30075652,29,33361
2023-01-27,KR,Republic of Korea,WPRO,31711,30107363,29,33390
2023-01-28,KR,Republic of Korea,WPRO,23367,30130730,30,33420
2023-01-29,KR,Republic of Korea,WPRO,18871,30149601,24,33444
2023-01-30,KR,Republic of Korea,WPRO,7416,30157017,42,33486
2023-01-31,KR,Republic of Korea,WPRO,19629,30176646,36,33522
2023-02-01,KR,Republic of Korea,WPRO,20420,30197066,30,33552
2023-02-02,KR,Republic of Korea,WPRO,16862,30213928,22,33574
2023-02-03,KR,Republic of Korea,WPRO,14961,30228889,22,33596
2023-02-04,KR,Republic of Korea,WPRO,14504,30243393,18,33614
2023-02-05,KR,Republic of Korea,WPRO,14018,30257411,10,33624
2023-02-06,KR,Republic of Korea,WPRO,5850,30263261,22,33646
2023-02-07,KR,Republic of Korea,WPRO,16120,30279381,34,33680
2023-02-08,KR,Republic of Korea,WPRO,17934,30297315,17,33697
2023-02-09,KR,Republic of Korea,WPRO,14664,30311979,16,33713
2023-02-10,KR,Republic of Korea,WPRO,13504,30325483,23,33736
2023-02-11,KR,Republic of Korea,WPRO,12665,30338148,11,33747
2023-02-12,KR,Republic of Korea,WPRO,12051,30350199,11,33758
2023-02-13,KR,Republic of Korea,WPRO,5174,30355373,24,33782
2023-02-14,KR,Republic of Korea,WPRO,14371,30369744,22,33804
2023-02-15,KR,Republic of Korea,WPRO,14957,30384701,28,33832
2023-02-16,KR,Republic of Korea,WPRO,12519,30397220,12,33844
2023-02-17,KR,Republic of Korea,WPRO,11436,30408656,12,33856
2023-02-18,KR,Republic of Korea,WPRO,10641,30419297,9,33865
2023-02-19,KR,Republic of Korea,WPRO,10274,30429571,8,33873
2023-02-20,KR,Republic of Korea,WPRO,4324,30433895,14,33887
2023-02-21,KR,Republic of Korea,WPRO,11880,30445775,22,33909
2023-02-22,KR,Republic of Korea,WPRO,13082,30458857,20,33929
2023-02-23,KR,Republic of Korea,WPRO,10845,30469702,11,33940
2023-02-24,KR,Republic of Korea,WPRO,10051,30479753,6,33946
2023-02-25,KR,Republic of Korea,WPRO,9913,30489666,15,33961
2023-02-26,KR,Republic of Korea,WPRO,9212,30498878,16,33977
2023-02-27,KR,Republic of Korea,WPRO,4026,30502904,11,33988
2023-02-28,KR,Republic of Korea,WPRO,10817,30513721,15,34003
2023-03-01,KR,Republic of Korea,WPRO,12291,30526012,11,34014
2023-03-02,KR,Republic of Korea,WPRO,7561,30533573,6,34020
2023-03-03,KR,Republic of Korea,WPRO,10408,30543981,5,34025
2023-03-04,KR,Republic of Korea,WPRO,11121,30555102,9,34034
2023-03-05,KR,Republic of Korea,WPRO,9813,30564915,15,34049
2023-03-06,KR,Republic of Korea,WPRO,4300,30569215,12,34061
2023-03-07,KR,Republic of Korea,WPRO,12284,30581499,20,34081
2023-03-08,KR,Republic of Korea,WPRO,12798,30594297,12,34093
2023-03-09,KR,Republic of Korea,WPRO,10890,30605187,3,34096
2023-03-10,KR,Republic of Korea,WPRO,10335,30615522,7,34103
2023-03-11,KR,Republic of Korea,WPRO,9867,30625389,12,34115
2023-03-12,KR,Republic of Korea,WPRO,9342,30634731,6,34121
2023-03-13,KR,Republic of Korea,WPRO,4198,30638929,10,34131
2023-03-14,KR,Republic of Korea,WPRO,11401,30650330,17,34148
2023-03-15,KR,Republic of Korea,WPRO,11899,30662229,7,34155
2023-03-16,KR,Republic of Korea,WPRO,9934,30672163,4,34159
2023-03-17,KR,Republic of Korea,WPRO,9065,30681228,3,34162
2023-03-18,KR,Republic of Korea,WPRO,8995,30690223,9,34171
2023-03-19,KR,Republic of Korea,WPRO,8807,30699030,7,34178
2023-03-20,KR,Republic of Korea,WPRO,3930,30702960,9,34187
2023-03-21,KR,Republic of Korea,WPRO,12016,30714976,14,34201
2023-03-22,KR,Republic of Korea,WPRO,13081,30728057,10,34211
2023-03-23,KR,Republic of Korea,WPRO,11400,30739457,6,34217
2023-03-24,KR,Republic of Korea,WPRO,10283,30749740,3,34220
2023-03-25,KR,Republic of Korea,WPRO,10155,30759895,3,34223
2023-03-26,KR,Republic of Korea,WPRO,9361,30769256,8,34231
2023-03-27,KR,Republic of Korea,WPRO,4204,30773460,14,34245
2023-03-28,KR,Republic of Korea,WPRO,12129,30785589,10,34255
2023-03-29,KR,Republic of Korea,WPRO,13134,30798723,0,34255
2023-03-30,KR,Republic of Korea,WPRO,11039,30809762,10,34265
2023-03-31,KR,Republic of Korea,WPRO,10368,30820130,16,34281
2023-04-01,KR,Republic of Korea,WPRO,10523,30830653,0,34281
2023-04-02,KR,Republic of Korea,WPRO,9724,30840377,0,34281
2023-04-03,KR,Republic of Korea,WPRO,4349,30844726,15,34296
2023-04-04,KR,Republic of Korea,WPRO,9499,30854225,-7,34289
2023-04-05,KR,Republic of Korea,WPRO,13366,30867591,13,34302
2023-04-06,KR,Republic of Korea,WPRO,14459,30882050,9,34311
2023-04-07,KR,Republic of Korea,WPRO,12080,30894130,4,34315
2023-04-08,KR,Republic of Korea,WPRO,10372,30904502,2,34317
2023-04-09,KR,Republic of Korea,WPRO,9553,30914055,15,34332
2023-04-10,KR,Republic of Korea,WPRO,4005,30918060,10,34342
2023-04-11,KR,Republic of Korea,WPRO,12444,30930504,0,34342
2023-04-12,KR,Republic of Korea,WPRO,13926,30944430,19,34361
2023-04-13,KR,Republic of Korea,WPRO,11596,30956026,5,34366
2023-04-14,KR,Republic of Korea,WPRO,11246,30967272,2,34368
2023-04-15,KR,Republic of Korea,WPRO,11682,30978954,4,34372
2023-04-16,KR,Republic of Korea,WPRO,10188,30989142,4,34376
2023-04-17,KR,Republic of Korea,WPRO,4946,30994088,10,34386
2023-04-18,KR,Republic of Korea,WPRO,15173,31009261,6,34392
2023-04-19,KR,Republic of Korea,WPRO,16508,31025769,9,34401
2023-04-20,KR,Republic of Korea,WPRO,14094,31039863,7,34408
2023-04-21,KR,Republic of Korea,WPRO,13596,31053459,5,34413
2023-04-22,KR,Republic of Korea,WPRO,13266,31066725,0,34413
2023-04-23,KR,Republic of Korea,WPRO,11834,31078559,14,34427
2023-04-24,KR,Republic of Korea,WPRO,5027,31083586,7,34434
2023-04-25,KR,Republic of Korea,WPRO,14817,31098403,15,34449
2023-04-26,KR,Republic of Korea,WPRO,16383,31114786,11,34460
2023-04-27,KR,Republic of Korea,WPRO,14284,31129070,11,34471
2023-04-28,KR,Republic of Korea,WPRO,13790,31142860,3,34474
2023-04-29,KR,Republic of Korea,WPRO,14412,31157272,5,34479
2023-04-30,KR,Republic of Korea,WPRO,13614,31170886,8,34487
2023-05-01,KR,Republic of Korea,WPRO,5774,31176660,10,34497
2023-05-02,KR,Republic of Korea,WPRO,15741,31192401,8,34505
2023-05-03,KR,Republic of Korea,WPRO,20197,31212598,7,34512
2023-05-04,KR,Republic of Korea,WPRO,19853,31232451,6,34518
2023-05-05,KR,Republic of Korea,WPRO,18752,31251203,3,34521
2023-05-06,KR,Republic of Korea,WPRO,11801,31263004,6,34527
2023-05-07,KR,Republic of Korea,WPRO,14742,31277746,7,34534
2023-05-08,KR,Republic of Korea,WPRO,8164,31285910,14,34548
2023-05-09,KR,Republic of Korea,WPRO,21362,31307272,23,34571
2023-05-10,KR,Republic of Korea,WPRO,23515,31330787,12,34583
2023-05-11,KR,Republic of Korea,WPRO,20571,31351358,8,34591
2023-05-12,KR,Republic of Korea,WPRO,19989,31371347,6,34597
2023-05-13,KR,Republic of Korea,WPRO,19352,31390699,6,34603
2023-05-14,KR,Republic of Korea,WPRO,17403,31408102,7,34610
2023-05-15,KR,Republic of Korea,WPRO,7178,31415280,13,34623
2023-05-16,KR,Republic of Korea,WPRO,23680,31438960,11,34634
2023-05-17,KR,Republic of Korea,WPRO,26147,31465107,18,34652
2023-05-18,KR,Republic of Korea,WPRO,21797,31486904,13,34665
2023-05-19,KR,Republic of Korea,WPRO,19467,31506371,5,34670
2023-05-20,KR,Republic of Korea,WPRO,18106,31524477,5,34675
2023-05-21,KR,Republic of Korea,WPRO,16808,31541285,12,34687
2023-05-22,KR,Republic of Korea,WPRO,6798,31548083,15,34702
2023-05-23,KR,Republic of Korea,WPRO,21385,31569468,17,34719
2023-05-24,KR,Republic of Korea,WPRO,22961,31592429,17,34736
2023-05-25,KR,Republic of Korea,WPRO,19080,31611509,15,34751
2023-05-26,KR,Republic of Korea,WPRO,17933,31629442,0,34751
2023-05-27,KR,Republic of Korea,WPRO,17531,31646973,0,34751
2023-05-28,KR,Republic of Korea,WPRO,0,31646973,3,34754
2023-05-29,KR,Republic of Korea,WPRO,0,31646973,0,34754
2023-05-30,KR,Republic of Korea,WPRO,32127,31679100,0,34754
2023-05-31,KR,Republic of Korea,WPRO,24411,31703511,0,34754
2023-06-01,KR,Republic of Korea,WPRO,24604,31728115,61,34815
2023-06-02,KR,Republic of Korea,WPRO,19724,31747839,0,34815
2023-06-03,KR,Republic of Korea,WPRO,0,31747839,0,34815
2023-06-04,KR,Republic of Korea,WPRO,0,31747839,12,34827
2023-06-05,KR,Republic of Korea,WPRO,34837,31782676,4,34831
2023-06-06,KR,Republic of Korea,WPRO,0,31782676,4,34835
2023-06-07,KR,Republic of Korea,WPRO,26410,31809086,21,34856
2023-06-08,KR,Republic of Korea,WPRO,15156,31824242,20,34876
2023-06-09,KR,Republic of Korea,WPRO,20450,31844692,5,34881
2023-06-10,KR,Republic of Korea,WPRO,21215,31865907,8,34889
2023-06-11,KR,Republic of Korea,WPRO,17690,31883597,4,34893
2023-06-12,KR,Republic of Korea,WPRO,16006,31899603,0,34893
2023-06-13,KR,Republic of Korea,WPRO,4982,31904585,0,34893
2023-06-14,KR,Republic of Korea,WPRO,82,31904667,0,34893
2023-06-15,KR,Republic of Korea,WPRO,0,31904667,0,34893
2023-06-16,KR,Republic of Korea,WPRO,0,31904667,0,34893
2023-06-17,KR,Republic of Korea,WPRO,0,31904667,0,34893
2023-06-18,KR,Republic of Korea,WPRO,0,31904667,0,34893
2023-06-19,KR,Republic of Korea,WPRO,113819,32018486,67,34960
2023-06-20,KR,Republic of Korea,WPRO,0,32018486,0,34960
2023-06-21,KR,Republic of Korea,WPRO,0,32018486,0,34960
2023-06-22,KR,Republic of Korea,WPRO,0,32018486,0,34960
2023-06-23,KR,Republic of Korea,WPRO,0,32018486,0,34960
2023-06-24,KR,Republic of Korea,WPRO,0,32018486,0,34960
2023-06-25,KR,Republic of Korea,WPRO,0,32018486,0,34960
2023-06-26,KR,Republic of Korea,WPRO,113120,32131606,0,34960
2023-06-27,KR,Republic of Korea,WPRO,0,32131606,57,35017
2023-06-28,KR,Republic of Korea,WPRO,0,32131606,0,35017
2023-06-29,KR,Republic of Korea,WPRO,0,32131606,0,35017
2023-06-30,KR,Republic of Korea,WPRO,0,32131606,0,35017
2023-07-01,KR,Republic of Korea,WPRO,0,32131606,0,35017
2023-07-02,KR,Republic of Korea,WPRO,0,32131606,0,35017
2023-07-03,KR,Republic of Korea,WPRO,124548,32256154,0,35017
2023-07-04,KR,Republic of Korea,WPRO,0,32256154,54,35071
2023-07-05,KR,Republic of Korea,WPRO,0,32256154,0,35071
2023-07-06,KR,Republic of Korea,WPRO,0,32256154,0,35071
2023-07-07,KR,Republic of Korea,WPRO,0,32256154,0,35071
2023-07-08,KR,Republic of Korea,WPRO,0,32256154,0,35071
2023-07-09,KR,Republic of Korea,WPRO,0,32256154,0,35071
2023-07-10,KR,Republic of Korea,WPRO,150444,32406598,0,35071
2023-07-11,KR,Republic of Korea,WPRO,0,32406598,0,35071
2023-07-12,KR,Republic of Korea,WPRO,0,32406598,0,35071
2023-07-13,KR,Republic of Korea,WPRO,0,32406598,0,35071
2023-07-14,KR,Republic of Korea,WPRO,0,32406598,0,35071
2023-07-15,KR,Republic of Korea,WPRO,0,32406598,0,35071
2023-07-16,KR,Republic of Korea,WPRO,0,32406598,0,35071
2023-07-17,KR,Republic of Korea,WPRO,204911,32611509,0,35071
2023-07-18,KR,Republic of Korea,WPRO,0,32611509,88,35159
2023-07-19,KR,Republic of Korea,WPRO,0,32611509,0,35159
2023-07-20,KR,Republic of Korea,WPRO,0,32611509,0,35159
2023-07-21,KR,Republic of Korea,WPRO,0,32611509,0,35159
2023-07-22,KR,Republic of Korea,WPRO,0,32611509,0,35159
2023-07-23,KR,Republic of Korea,WPRO,0,32611509,0,35159
2023-07-24,KR,Republic of Korea,WPRO,271581,32883090,0,35159
2023-07-25,KR,Republic of Korea,WPRO,0,32883090,57,35216
2023-07-26,KR,Republic of Korea,WPRO,0,32883090,0,35216
2023-07-27,KR,Republic of Korea,WPRO,0,32883090,0,35216
2023-07-28,KR,Republic of Korea,WPRO,0,32883090,0,35216
2023-07-29,KR,Republic of Korea,WPRO,0,32883090,0,35216
2023-07-30,KR,Republic of Korea,WPRO,0,32883090,0,35216
2023-07-31,KR,Republic of Korea,WPRO,318706,33201796,0,35216
2023-08-01,KR,Republic of Korea,WPRO,332423,33534219,97,35313
2023-08-02,KR,Republic of Korea,WPRO,0,33534219,98,35411
2023-08-03,KR,Republic of Korea,WPRO,0,33534219,0,35411
2023-08-04,KR,Republic of Korea,WPRO,0,33534219,0,35411
2023-08-05,KR,Republic of Korea,WPRO,0,33534219,0,35411
2023-08-06,KR,Republic of Korea,WPRO,0,33534219,0,35411
2023-08-07,KR,Republic of Korea,WPRO,20255,33554474,0,35411
2023-08-08,KR,Republic of Korea,WPRO,61318,33615792,0,35411
2023-08-09,KR,Republic of Korea,WPRO,0,33615792,0,35411
2023-08-10,KR,Republic of Korea,WPRO,0,33615792,0,35411
2023-08-11,KR,Republic of Korea,WPRO,0,33615792,0,35411
2023-08-12,KR,Republic of Korea,WPRO,0,33615792,0,35411
2023-08-13,KR,Republic of Korea,WPRO,0,33615792,0,35411
2023-08-14,KR,Republic of Korea,WPRO,281745,33897537,0,35411
2023-08-15,KR,Republic of Korea,WPRO,0,33897537,146,35557
2023-08-16,KR,Republic of Korea,WPRO,0,33897537,0,35557
2023-08-17,KR,Republic of Korea,WPRO,0,33897537,0,35557
2023-08-18,KR,Republic of Korea,WPRO,0,33897537,0,35557
2023-08-19,KR,Republic of Korea,WPRO,0,33897537,0,35557
2023-08-20,KR,Republic of Korea,WPRO,0,33897537,0,35557
2023-08-21,KR,Republic of Korea,WPRO,282263,34179800,0,35557
2023-08-22,KR,Republic of Korea,WPRO,0,34179800,130,35687
2023-08-23,KR,Republic of Korea,WPRO,0,34179800,125,35812
2023-08-24,KR,Republic of Korea,WPRO,0,34179800,0,35812
2023-08-25,KR,Republic of Korea,WPRO,0,34179800,0,35812
2023-08-26,KR,Republic of Korea,WPRO,0,34179800,0,35812
2023-08-27,KR,Republic of Korea,WPRO,0,34179800,0,35812
2023-08-28,KR,Republic of Korea,WPRO,256742,34436542,0,35812
2023-08-29,KR,Republic of Korea,WPRO,0,34436542,0,35812
2023-08-30,KR,Republic of Korea,WPRO,0,34436542,0,35812
2023-08-31,KR,Republic of Korea,WPRO,0,34436542,0,35812
2023-09-01,KR,Republic of Korea,WPRO,0,34436542,0,35812
2023-09-02,KR,Republic of Korea,WPRO,0,34436542,0,35812
2023-09-03,KR,Republic of Korea,WPRO,0,34436542,0,35812
2023-09-04,KR,Republic of Korea,WPRO,135331,34571873,0,35812
2023-09-05,KR,Republic of Korea,WPRO,0,34571873,122,35934
2023-09-06,KR,Republic of Korea,WPRO,0,34571873,0,35934
2023-09-07,KR,Republic of Korea,WPRO,0,34571873,0,35934
2023-09-08,KR,Republic of Korea,WPRO,0,34571873,0,35934
2023-09-09,KR,Republic of Korea,WPRO,0,34571873,0,35934
2023-09-10,KR,Republic of Korea,WPRO,0,34571873,0,35934
2023-09-11,KR,Republic of Korea,WPRO,0,34571873,0,35934
2023-09-12,KR,Republic of Korea,WPRO,0,34571873,0,35934
2023-09-13,KR,Republic of Korea,WPRO,0,34571873,0,35934
2023-09-14,KR,Republic of Korea,WPRO,0,34571873,0,35934
2023-09-15,KR,Republic of Korea,WPRO,0,34571873,0,35934
2023-09-16,KR,Republic of Korea,WPRO,0,34571873,0,35934
2023-09-17,KR,Republic of Korea,WPRO,0,34571873,0,35934
2023-09-18,KR,Republic of Korea,WPRO,0,34571873,0,35934
2023-09-19,KR,Republic of Korea,WPRO,0,34571873,0,35934
2023-09-20,KR,Republic of Korea,WPRO,0,34571873,0,35934
2023-09-21,KR,Republic of Korea,WPRO,0,34571873,0,35934
2023-09-22,KR,Republic of Korea,WPRO,0,34571873,0,35934
2023-09-23,KR,Republic of Korea,WPRO,0,34571873,0,35934
2023-09-24,KR,Republic of Korea,WPRO,0,34571873,0,35934
2023-09-25,KR,Republic of Korea,WPRO,0,34571873,0,35934
2023-09-26,KR,Republic of Korea,WPRO,0,34571873,0,35934
2023-09-27,KR,Republic of Korea,WPRO,0,34571873,0,35934
2023-09-28,KR,Republic of Korea,WPRO,0,34571873,0,35934
2023-09-29,KR,Republic of Korea,WPRO,0,34571873,0,35934
2023-09-30,KR,Republic of Korea,WPRO,0,34571873,0,35934
2023-10-01,KR,Republic of Korea,WPRO,0,34571873,0,35934
2023-10-02,KR,Republic of Korea,WPRO,0,34571873,0,35934
2023-10-03,KR,Republic of Korea,WPRO,0,34571873,0,35934
2023-10-04,KR,Republic of Korea,WPRO,0,34571873,0,35934
2023-10-05,KR,Republic of Korea,WPRO,0,34571873,0,35934
2023-10-06,KR,Republic of Korea,WPRO,0,34571873,0,35934
2023-10-07,KR,Republic of Korea,WPRO,0,34571873,0,35934
2023-10-08,KR,Republic of Korea,WPRO,0,34571873,0,35934
2023-10-09,KR,Republic of Korea,WPRO,0,34571873,0,35934
2023-10-10,KR,Republic of Korea,WPRO,0,34571873,0,35934
2023-10-11,KR,Republic of Korea,WPRO,0,34571873,0,35934
2023-10-12,KR,Republic of Korea,WPRO,0,34571873,0,35934
2023-10-13,KR,Republic of Korea,WPRO,0,34571873,0,35934
2023-10-14,KR,Republic of Korea,WPRO,0,34571873,0,35934
2023-10-15,KR,Republic of Korea,WPRO,0,34571873,0,35934
2023-10-16,KR,Republic of Korea,WPRO,0,34571873,0,35934
2023-10-17,KR,Republic of Korea,WPRO,0,34571873,0,35934
2023-10-18,KR,Republic of Korea,WPRO,0,34571873,0,35934
