Date_reported,Country_code,Country,WHO_region,New_cases,Cumulative_cases,New_deaths,Cumulative_deaths
2022-01-01,GB,The United Kingdom,EURO,236576,13678283,176,176989
2022-01-02,GB,The United Kingdom,EURO,188567,13866850,155,177144
2022-01-03,GB,The United Kingdom,EURO,118275,13985125,176,177320
2022-01-04,GB,The United Kingdom,EURO,181068,14166193,170,177490
2022-01-05,GB,The United Kingdom,EURO,229901,14396094,178,177668
2022-01-06,GB,The United Kingdom,EURO,275647,14671741,204,177872
2022-01-07,GB,The United Kingdom,EURO,222174,14893915,182,178054
2022-01-08,GB,The United Kingdom,EURO,172980,15066895,221,178275
2022-01-09,GB,The United Kingdom,EURO,120287,15187182,228,178503
2022-01-10,GB,The United Kingdom,EURO,93615,15280797,215,178718
2022-01-11,GB,The United Kingdom,EURO,95790,15376587,240,178958
2022-01-12,GB,The United Kingdom,EURO,132959,15509546,244,179202
2022-01-13,GB,The United Kingdom,EURO,115245,15624791,232,179434
2022-01-14,GB,The United Kingdom,EURO,103219,15728010,239,179673
2022-01-15,GB,The United Kingdom,EURO,96412,15824422,243,179916
2022-01-16,GB,The United Kingdom,EURO,86325,15910747,235,180151
2022-01-17,GB,The United Kingdom,EURO,77950,15988697,259,180410
2022-01-18,GB,The United Kingdom,EURO,98097,16086794,256,180666
2022-01-19,GB,The United Kingdom,EURO,131514,16218308,232,180898
2022-01-20,GB,The United Kingdom,EURO,118857,16337165,233,181131
2022-01-21,GB,The United Kingdom,EURO,111760,16448925,221,181352
2022-01-22,GB,The United Kingdom,EURO,100324,16549249,201,181553
2022-01-23,GB,The United Kingdom,EURO,91730,16640979,248,181801
2022-01-24,GB,The United Kingdom,EURO,81733,16722712,224,182025
2022-01-25,GB,The United Kingdom,EURO,102365,16825077,218,182243
2022-01-26,GB,The United Kingdom,EURO,127364,16952441,229,182472
2022-01-27,GB,The United Kingdom,EURO,113202,17065643,193,182665
2022-01-28,GB,The United Kingdom,EURO,108668,17174311,196,182861
2022-01-29,GB,The United Kingdom,EURO,96201,17270512,220,183081
2022-01-30,GB,The United Kingdom,EURO,84026,17354538,202,183283
2022-01-31,GB,The United Kingdom,EURO,73512,17428050,181,183464
2022-02-01,GB,The United Kingdom,EURO,87702,17515752,190,183654
2022-02-02,GB,The United Kingdom,EURO,105051,17620803,207,183861
2022-02-03,GB,The United Kingdom,EURO,93949,17714752,207,184068
2022-02-04,GB,The United Kingdom,EURO,88418,17803170,188,184256
2022-02-05,GB,The United Kingdom,EURO,76644,17879814,191,184447
2022-02-06,GB,The United Kingdom,EURO,63264,17943078,160,184607
2022-02-07,GB,The United Kingdom,EURO,52305,17995383,172,184779
2022-02-08,GB,The United Kingdom,EURO,60552,18055935,158,184937
2022-02-09,GB,The United Kingdom,EURO,76483,18132418,140,185077
2022-02-10,GB,The United Kingdom,EURO,69661,18202079,158,185235
2022-02-11,GB,The United Kingdom,EURO,64339,18266418,144,185379
2022-02-12,GB,The United Kingdom,EURO,52293,18318711,124,185503
2022-02-13,GB,The United Kingdom,EURO,44559,18363270,141,185644
2022-02-14,GB,The United Kingdom,EURO,37529,18400799,144,185788
2022-02-15,GB,The United Kingdom,EURO,41755,18442554,127,185915
2022-02-16,GB,The United Kingdom,EURO,54745,18497299,158,186073
2022-02-17,GB,The United Kingdom,EURO,52502,18549801,133,186206
2022-02-18,GB,The United Kingdom,EURO,51572,18601373,133,186339
2022-02-19,GB,The United Kingdom,EURO,44716,18646089,124,186463
2022-02-20,GB,The United Kingdom,EURO,33241,18679330,128,186591
2022-02-21,GB,The United Kingdom,EURO,34647,18713977,121,186712
2022-02-22,GB,The United Kingdom,EURO,37720,18751697,127,186839
2022-02-23,GB,The United Kingdom,EURO,45132,18796829,110,186949
2022-02-24,GB,The United Kingdom,EURO,39188,18836017,120,187069
2022-02-25,GB,The United Kingdom,EURO,36476,18872493,119,187188
2022-02-26,GB,The United Kingdom,EURO,30631,18903124,127,187315
2022-02-27,GB,The United Kingdom,EURO,27837,18930961,120,187435
2022-02-28,GB,The United Kingdom,EURO,25089,18956050,103,187538
2022-03-01,GB,The United Kingdom,EURO,31360,18987410,119,187657
2022-03-02,GB,The United Kingdom,EURO,44649,19032059,105,187762
2022-03-03,GB,The United Kingdom,EURO,44795,19076854,106,187868
2022-03-04,GB,The United Kingdom,EURO,46179,19123033,146,188014
2022-03-05,GB,The United Kingdom,EURO,43761,19166794,105,188119
2022-03-06,GB,The United Kingdom,EURO,41408,19208202,112,188231
2022-03-07,GB,The United Kingdom,EURO,38759,19246961,101,188332
2022-03-08,GB,The United Kingdom,EURO,49026,19295987,95,188427
2022-03-09,GB,The United Kingdom,EURO,68520,19364507,123,188550
2022-03-10,GB,The United Kingdom,EURO,70112,19434619,119,188669
2022-03-11,GB,The United Kingdom,EURO,73531,19508150,106,188775
2022-03-12,GB,The United Kingdom,EURO,70510,19578660,114,188889
2022-03-13,GB,The United Kingdom,EURO,67030,19645690,120,189009
2022-03-14,GB,The United Kingdom,EURO,62078,19707768,123,189132
2022-03-15,GB,The United Kingdom,EURO,75739,19783507,112,189244
2022-03-16,GB,The United Kingdom,EURO,99834,19883341,141,189385
2022-03-17,GB,The United Kingdom,EURO,93708,19977049,122,189507
2022-03-18,GB,The United Kingdom,EURO,91751,20068800,146,189653
2022-03-19,GB,The United Kingdom,EURO,82853,20151653,136,189789
2022-03-20,GB,The United Kingdom,EURO,75285,20226938,171,189960
2022-03-21,GB,The United Kingdom,EURO,67417,20294355,165,190125
2022-03-22,GB,The United Kingdom,EURO,81054,20375409,175,190300
2022-03-23,GB,The United Kingdom,EURO,109286,20484695,163,190463
2022-03-24,GB,The United Kingdom,EURO,99095,20583790,167,190630
2022-03-25,GB,The United Kingdom,EURO,94185,20677975,158,190788
2022-03-26,GB,The United Kingdom,EURO,82905,20760880,166,190954
2022-03-27,GB,The United Kingdom,EURO,72430,20833310,182,191136
2022-03-28,GB,The United Kingdom,EURO,61456,20894766,162,191298
2022-03-29,GB,The United Kingdom,EURO,68336,20963102,160,191458
2022-03-30,GB,The United Kingdom,EURO,92857,21055959,177,191635
2022-03-31,GB,The United Kingdom,EURO,80126,21136085,196,191831
2022-04-01,GB,The United Kingdom,EURO,73643,21209728,181,192012
2022-04-02,GB,The United Kingdom,EURO,54791,21264519,192,192204
2022-04-03,GB,The United Kingdom,EURO,47462,21311981,204,192408
2022-04-04,GB,The United Kingdom,EURO,37592,21349573,192,192600
2022-04-05,GB,The United Kingdom,EURO,42179,21391752,188,192788
2022-04-06,GB,The United Kingdom,EURO,53727,21445479,179,192967
2022-04-07,GB,The United Kingdom,EURO,49101,21494580,202,193169
2022-04-08,GB,The United Kingdom,EURO,44750,21539330,196,193365
2022-04-09,GB,The United Kingdom,EURO,38709,21578039,231,193596
2022-04-10,GB,The United Kingdom,EURO,32988,21611027,238,193834
2022-04-11,GB,The United Kingdom,EURO,27885,21638912,173,194007
2022-04-12,GB,The United Kingdom,EURO,30952,21669864,197,194204
2022-04-13,GB,The United Kingdom,EURO,37371,21707235,185,194389
2022-04-14,GB,The United Kingdom,EURO,33771,21741006,199,194588
2022-04-15,GB,The United Kingdom,EURO,31685,21772691,222,194810
2022-04-16,GB,The United Kingdom,EURO,26639,21799330,192,195002
2022-04-17,GB,The United Kingdom,EURO,21617,21820947,172,195174
2022-04-18,GB,The United Kingdom,EURO,19925,21840872,164,195338
2022-04-19,GB,The United Kingdom,EURO,20144,21861016,162,195500
2022-04-20,GB,The United Kingdom,EURO,25223,21886239,174,195674
2022-04-21,GB,The United Kingdom,EURO,25772,21912011,159,195833
2022-04-22,GB,The United Kingdom,EURO,21457,21933468,161,195994
2022-04-23,GB,The United Kingdom,EURO,18464,21951932,162,196156
2022-04-24,GB,The United Kingdom,EURO,15703,21967635,155,196311
2022-04-25,GB,The United Kingdom,EURO,13210,21980845,146,196457
2022-04-26,GB,The United Kingdom,EURO,14715,21995560,131,196588
2022-04-27,GB,The United Kingdom,EURO,17109,22012669,129,196717
2022-04-28,GB,The United Kingdom,EURO,14560,22027229,125,196842
2022-04-29,GB,The United Kingdom,EURO,13055,22040284,135,196977
2022-04-30,GB,The United Kingdom,EURO,11608,22051892,130,197107
2022-05-01,GB,The United Kingdom,EURO,10012,22061904,108,197215
2022-05-02,GB,The United Kingdom,EURO,8354,22070258,107,197322
2022-05-03,GB,The United Kingdom,EURO,9034,22079292,113,197435
2022-05-04,GB,The United Kingdom,EURO,11907,22091199,110,197545
2022-05-05,GB,The United Kingdom,EURO,13318,22104517,107,197652
2022-05-06,GB,The United Kingdom,EURO,11672,22116189,90,197742
2022-05-07,GB,The United Kingdom,EURO,10221,22126410,87,197829
2022-05-08,GB,The United Kingdom,EURO,8954,22135364,98,197927
2022-05-09,GB,The United Kingdom,EURO,7517,22142881,103,198030
2022-05-10,GB,The United Kingdom,EURO,9062,22151943,85,198115
2022-05-11,GB,The United Kingdom,EURO,10702,22162645,83,198198
2022-05-12,GB,The United Kingdom,EURO,9748,22172393,101,198299
2022-05-13,GB,The United Kingdom,EURO,8725,22181118,79,198378
2022-05-14,GB,The United Kingdom,EURO,7642,22188760,69,198447
2022-05-15,GB,The United Kingdom,EURO,6942,22195702,72,198519
2022-05-16,GB,The United Kingdom,EURO,6120,22201822,66,198585
2022-05-17,GB,The United Kingdom,EURO,7973,22209795,73,198658
2022-05-18,GB,The United Kingdom,EURO,9417,22219212,66,198724
2022-05-19,GB,The United Kingdom,EURO,8286,22227498,72,198796
2022-05-20,GB,The United Kingdom,EURO,7638,22235136,46,198842
2022-05-21,GB,The United Kingdom,EURO,6820,22241956,46,198888
2022-05-22,GB,The United Kingdom,EURO,5821,22247777,72,198960
2022-05-23,GB,The United Kingdom,EURO,5019,22252796,49,199009
2022-05-24,GB,The United Kingdom,EURO,5997,22258793,59,199068
2022-05-25,GB,The United Kingdom,EURO,7313,22266106,63,199131
2022-05-26,GB,The United Kingdom,EURO,6679,22272785,51,199182
2022-05-27,GB,The United Kingdom,EURO,6293,22279078,34,199216
2022-05-28,GB,The United Kingdom,EURO,5753,22284831,45,199261
2022-05-29,GB,The United Kingdom,EURO,5409,22290240,45,199306
2022-05-30,GB,The United Kingdom,EURO,4988,22295228,34,199340
2022-05-31,GB,The United Kingdom,EURO,5680,22300908,30,199370
2022-06-01,GB,The United Kingdom,EURO,7115,22308023,51,199421
2022-06-02,GB,The United Kingdom,EURO,7093,22315116,51,199472
2022-06-03,GB,The United Kingdom,EURO,7011,22322127,25,199497
2022-06-04,GB,The United Kingdom,EURO,6209,22328336,47,199544
2022-06-05,GB,The United Kingdom,EURO,6635,22334971,28,199572
2022-06-06,GB,The United Kingdom,EURO,7492,22342463,38,199610
2022-06-07,GB,The United Kingdom,EURO,9815,22352278,30,199640
2022-06-08,GB,The United Kingdom,EURO,11747,22364025,43,199683
2022-06-09,GB,The United Kingdom,EURO,11411,22375436,33,199716
2022-06-10,GB,The United Kingdom,EURO,11784,22387220,43,199759
2022-06-11,GB,The United Kingdom,EURO,11319,22398539,27,199786
2022-06-12,GB,The United Kingdom,EURO,10784,22409323,44,199830
2022-06-13,GB,The United Kingdom,EURO,10077,22419400,32,199862
2022-06-14,GB,The United Kingdom,EURO,12693,22432093,43,199905
2022-06-15,GB,The United Kingdom,EURO,15272,22447365,41,199946
2022-06-16,GB,The United Kingdom,EURO,15141,22462506,36,199982
2022-06-17,GB,The United Kingdom,EURO,14837,22477343,45,200027
2022-06-18,GB,The United Kingdom,EURO,14225,22491568,57,200084
2022-06-19,GB,The United Kingdom,EURO,13919,22505487,45,200129
2022-06-20,GB,The United Kingdom,EURO,13623,22519110,44,200173
2022-06-21,GB,The United Kingdom,EURO,16997,22536107,47,200220
2022-06-22,GB,The United Kingdom,EURO,19942,22556049,48,200268
2022-06-23,GB,The United Kingdom,EURO,20896,22576945,58,200326
2022-06-24,GB,The United Kingdom,EURO,20873,22597818,73,200399
2022-06-25,GB,The United Kingdom,EURO,19590,22617408,62,200461
2022-06-26,GB,The United Kingdom,EURO,18350,22635758,48,200509
2022-06-27,GB,The United Kingdom,EURO,16800,22652558,71,200580
2022-06-28,GB,The United Kingdom,EURO,20778,22673336,69,200649
2022-06-29,GB,The United Kingdom,EURO,25104,22698440,64,200713
2022-06-30,GB,The United Kingdom,EURO,25041,22723481,72,200785
2022-07-01,GB,The United Kingdom,EURO,24601,22748082,83,200868
2022-07-02,GB,The United Kingdom,EURO,24240,22772322,75,200943
2022-07-03,GB,The United Kingdom,EURO,23650,22795972,79,201022
2022-07-04,GB,The United Kingdom,EURO,21961,22817933,89,201111
2022-07-05,GB,The United Kingdom,EURO,27780,22845713,69,201180
2022-07-06,GB,The United Kingdom,EURO,33704,22879417,91,201271
2022-07-07,GB,The United Kingdom,EURO,31415,22910832,102,201373
2022-07-08,GB,The United Kingdom,EURO,29698,22940530,116,201489
2022-07-09,GB,The United Kingdom,EURO,26454,22966984,102,201591
2022-07-10,GB,The United Kingdom,EURO,24611,22991595,108,201699
2022-07-11,GB,The United Kingdom,EURO,21246,23012841,107,201806
2022-07-12,GB,The United Kingdom,EURO,25096,23037937,116,201922
2022-07-13,GB,The United Kingdom,EURO,29826,23067763,128,202050
2022-07-14,GB,The United Kingdom,EURO,26946,23094709,154,202204
2022-07-15,GB,The United Kingdom,EURO,23856,23118565,135,202339
2022-07-16,GB,The United Kingdom,EURO,21100,23139665,126,202465
2022-07-17,GB,The United Kingdom,EURO,18359,23158024,105,202570
2022-07-18,GB,The United Kingdom,EURO,15017,23173041,121,202691
2022-07-19,GB,The United Kingdom,EURO,17236,23190277,159,202850
2022-07-20,GB,The United Kingdom,EURO,18718,23208995,127,202977
2022-07-21,GB,The United Kingdom,EURO,16670,23225665,225,203202
2022-07-22,GB,The United Kingdom,EURO,16169,23241834,191,203393
2022-07-23,GB,The United Kingdom,EURO,14158,23255992,126,203519
2022-07-24,GB,The United Kingdom,EURO,12378,23268370,117,203636
2022-07-25,GB,The United Kingdom,EURO,9934,23278304,127,203763
2022-07-26,GB,The United Kingdom,EURO,11275,23289579,132,203895
2022-07-27,GB,The United Kingdom,EURO,13299,23302878,114,204009
2022-07-28,GB,The United Kingdom,EURO,11725,23314603,120,204129
2022-07-29,GB,The United Kingdom,EURO,10544,23325147,115,204244
2022-07-30,GB,The United Kingdom,EURO,9329,23334476,126,204370
2022-07-31,GB,The United Kingdom,EURO,8508,23342984,118,204488
2022-08-01,GB,The United Kingdom,EURO,7325,23350309,77,204565
2022-08-02,GB,The United Kingdom,EURO,8426,23358735,98,204663
2022-08-03,GB,The United Kingdom,EURO,9835,23368570,93,204756
2022-08-04,GB,The United Kingdom,EURO,9170,23377740,102,204858
2022-08-05,GB,The United Kingdom,EURO,8353,23386093,107,204965
2022-08-06,GB,The United Kingdom,EURO,7296,23393389,85,205050
2022-08-07,GB,The United Kingdom,EURO,6548,23399937,87,205137
2022-08-08,GB,The United Kingdom,EURO,5420,23405357,65,205202
2022-08-09,GB,The United Kingdom,EURO,6547,23411904,100,205302
2022-08-10,GB,The United Kingdom,EURO,8068,23419972,100,205402
2022-08-11,GB,The United Kingdom,EURO,7309,23427281,90,205492
2022-08-12,GB,The United Kingdom,EURO,6748,23434029,76,205568
2022-08-13,GB,The United Kingdom,EURO,6193,23440222,98,205666
2022-08-14,GB,The United Kingdom,EURO,5339,23445561,107,205773
2022-08-15,GB,The United Kingdom,EURO,4495,23450056,92,205865
2022-08-16,GB,The United Kingdom,EURO,5363,23455419,90,205955
2022-08-17,GB,The United Kingdom,EURO,6424,23461843,89,206044
2022-08-18,GB,The United Kingdom,EURO,5559,23467402,71,206115
2022-08-19,GB,The United Kingdom,EURO,5032,23472434,56,206171
2022-08-20,GB,The United Kingdom,EURO,4564,23476998,63,206234
2022-08-21,GB,The United Kingdom,EURO,4012,23481010,69,206303
2022-08-22,GB,The United Kingdom,EURO,3502,23484512,76,206379
2022-08-23,GB,The United Kingdom,EURO,4085,23488597,61,206440
2022-08-24,GB,The United Kingdom,EURO,5224,23493821,65,206505
2022-08-25,GB,The United Kingdom,EURO,4778,23498599,78,206583
2022-08-26,GB,The United Kingdom,EURO,4554,23503153,52,206635
2022-08-27,GB,The United Kingdom,EURO,3796,23506949,49,206684
2022-08-28,GB,The United Kingdom,EURO,3451,23510400,44,206728
2022-08-29,GB,The United Kingdom,EURO,3112,23513512,58,206786
2022-08-30,GB,The United Kingdom,EURO,3439,23516951,61,206847
2022-08-31,GB,The United Kingdom,EURO,4662,23521613,54,206901
2022-09-01,GB,The United Kingdom,EURO,5226,23526839,43,206944
2022-09-02,GB,The United Kingdom,EURO,4616,23531455,75,207019
2022-09-03,GB,The United Kingdom,EURO,4350,23535805,44,207063
2022-09-04,GB,The United Kingdom,EURO,3808,23539613,48,207111
2022-09-05,GB,The United Kingdom,EURO,3417,23543030,54,207165
2022-09-06,GB,The United Kingdom,EURO,4288,23547318,45,207210
2022-09-07,GB,The United Kingdom,EURO,5125,23552443,39,207249
2022-09-08,GB,The United Kingdom,EURO,4578,23557021,40,207289
2022-09-09,GB,The United Kingdom,EURO,4235,23561256,61,207350
2022-09-10,GB,The United Kingdom,EURO,3747,23565003,47,207397
2022-09-11,GB,The United Kingdom,EURO,3553,23568556,38,207435
2022-09-12,GB,The United Kingdom,EURO,3268,23571824,48,207483
2022-09-13,GB,The United Kingdom,EURO,4347,23576171,31,207514
2022-09-14,GB,The United Kingdom,EURO,5308,23581479,43,207557
2022-09-15,GB,The United Kingdom,EURO,5148,23586627,50,207607
2022-09-16,GB,The United Kingdom,EURO,4973,23591600,45,207652
2022-09-17,GB,The United Kingdom,EURO,4634,23596234,49,207701
2022-09-18,GB,The United Kingdom,EURO,4134,23600368,39,207740
2022-09-19,GB,The United Kingdom,EURO,3521,23603889,40,207780
2022-09-20,GB,The United Kingdom,EURO,4339,23608228,40,207820
2022-09-21,GB,The United Kingdom,EURO,6166,23614394,49,207869
2022-09-22,GB,The United Kingdom,EURO,7828,23622222,50,207919
2022-09-23,GB,The United Kingdom,EURO,7553,23629775,37,207956
2022-09-24,GB,The United Kingdom,EURO,6815,23636590,50,208006
2022-09-25,GB,The United Kingdom,EURO,6485,23643075,54,208060
2022-09-26,GB,The United Kingdom,EURO,5719,23648794,49,208109
2022-09-27,GB,The United Kingdom,EURO,7240,23656034,41,208150
2022-09-28,GB,The United Kingdom,EURO,8618,23664652,66,208216
2022-09-29,GB,The United Kingdom,EURO,8251,23672903,68,208284
2022-09-30,GB,The United Kingdom,EURO,8414,23681317,62,208346
2022-10-01,GB,The United Kingdom,EURO,7895,23689212,67,208413
2022-10-02,GB,The United Kingdom,EURO,7615,23696827,64,208477
2022-10-03,GB,The United Kingdom,EURO,7065,23703892,81,208558
2022-10-04,GB,The United Kingdom,EURO,9204,23713096,64,208622
2022-10-05,GB,The United Kingdom,EURO,11692,23724788,83,208705
2022-10-06,GB,The United Kingdom,EURO,10965,23735753,92,208797
2022-10-07,GB,The United Kingdom,EURO,10231,23745984,99,208896
2022-10-08,GB,The United Kingdom,EURO,9389,23755373,97,208993
2022-10-09,GB,The United Kingdom,EURO,8950,23764323,101,209094
2022-10-10,GB,The United Kingdom,EURO,7053,23771376,92,209186
2022-10-11,GB,The United Kingdom,EURO,8558,23779934,101,209287
2022-10-12,GB,The United Kingdom,EURO,10497,23790431,93,209380
2022-10-13,GB,The United Kingdom,EURO,9461,23799892,109,209489
2022-10-14,GB,The United Kingdom,EURO,8769,23808661,127,209616
2022-10-15,GB,The United Kingdom,EURO,8134,23816795,112,209728
2022-10-16,GB,The United Kingdom,EURO,7970,23824765,116,209844
2022-10-17,GB,The United Kingdom,EURO,6442,23831207,109,209953
2022-10-18,GB,The United Kingdom,EURO,7780,23838987,107,210060
2022-10-19,GB,The United Kingdom,EURO,10002,23848989,117,210177
2022-10-20,GB,The United Kingdom,EURO,8234,23857223,109,210286
2022-10-21,GB,The United Kingdom,EURO,7598,23864821,101,210387
2022-10-22,GB,The United Kingdom,EURO,6576,23871397,123,210510
2022-10-23,GB,The United Kingdom,EURO,6297,23877694,112,210622
2022-10-24,GB,The United Kingdom,EURO,4968,23882662,112,210734
2022-10-25,GB,The United Kingdom,EURO,5523,23888185,103,210837
2022-10-26,GB,The United Kingdom,EURO,6807,23894992,106,210943
2022-10-27,GB,The United Kingdom,EURO,5665,23900657,115,211058
2022-10-28,GB,The United Kingdom,EURO,5449,23906106,92,211150
2022-10-29,GB,The United Kingdom,EURO,4855,23910961,107,211257
2022-10-30,GB,The United Kingdom,EURO,4401,23915362,88,211345
2022-10-31,GB,The United Kingdom,EURO,3583,23918945,97,211442
2022-11-01,GB,The United Kingdom,EURO,4271,23923216,98,211540
2022-11-02,GB,The United Kingdom,EURO,5129,23928345,83,211623
2022-11-03,GB,The United Kingdom,EURO,4549,23932894,85,211708
2022-11-04,GB,The United Kingdom,EURO,4014,23936908,80,211788
2022-11-05,GB,The United Kingdom,EURO,3678,23940586,84,211872
2022-11-06,GB,The United Kingdom,EURO,3107,23943693,98,211970
2022-11-07,GB,The United Kingdom,EURO,2665,23946358,79,212049
2022-11-08,GB,The United Kingdom,EURO,3267,23949625,58,212107
2022-11-09,GB,The United Kingdom,EURO,4321,23953946,76,212183
2022-11-10,GB,The United Kingdom,EURO,3829,23957775,65,212248
2022-11-11,GB,The United Kingdom,EURO,3576,23961351,64,212312
2022-11-12,GB,The United Kingdom,EURO,3205,23964556,55,212367
2022-11-13,GB,The United Kingdom,EURO,2893,23967449,73,212440
2022-11-14,GB,The United Kingdom,EURO,2433,23969882,46,212486
2022-11-15,GB,The United Kingdom,EURO,2912,23972794,56,212542
2022-11-16,GB,The United Kingdom,EURO,3923,23976717,62,212604
2022-11-17,GB,The United Kingdom,EURO,3534,23980251,67,212671
2022-11-18,GB,The United Kingdom,EURO,3260,23983511,54,212725
2022-11-19,GB,The United Kingdom,EURO,3037,23986548,55,212780
2022-11-20,GB,The United Kingdom,EURO,2773,23989321,58,212838
2022-11-21,GB,The United Kingdom,EURO,2431,23991752,58,212896
2022-11-22,GB,The United Kingdom,EURO,2890,23994642,62,212958
2022-11-23,GB,The United Kingdom,EURO,3938,23998580,53,213011
2022-11-24,GB,The United Kingdom,EURO,3805,24002385,59,213070
2022-11-25,GB,The United Kingdom,EURO,3616,24006001,60,213130
2022-11-26,GB,The United Kingdom,EURO,3329,24009330,52,213182
2022-11-27,GB,The United Kingdom,EURO,2902,24012232,42,213224
2022-11-28,GB,The United Kingdom,EURO,2551,24014783,48,213272
2022-11-29,GB,The United Kingdom,EURO,3448,24018231,56,213328
2022-11-30,GB,The United Kingdom,EURO,4639,24022870,61,213389
2022-12-01,GB,The United Kingdom,EURO,4386,24027256,54,213443
2022-12-02,GB,The United Kingdom,EURO,3980,24031236,46,213489
2022-12-03,GB,The United Kingdom,EURO,3505,24034741,55,213544
2022-12-04,GB,The United Kingdom,EURO,3596,24038337,51,213595
2022-12-05,GB,The United Kingdom,EURO,2748,24041085,57,213652
2022-12-06,GB,The United Kingdom,EURO,3786,24044871,48,213700
2022-12-07,GB,The United Kingdom,EURO,5325,24050196,64,213764
2022-12-08,GB,The United Kingdom,EURO,5241,24055437,75,213839
2022-12-09,GB,The United Kingdom,EURO,5195,24060632,64,213903
2022-12-10,GB,The United Kingdom,EURO,4537,24065169,71,213974
2022-12-11,GB,The United Kingdom,EURO,4216,24069385,71,214045
2022-12-12,GB,The United Kingdom,EURO,3570,24072955,70,214115
2022-12-13,GB,The United Kingdom,EURO,4631,24077586,71,214186
2022-12-14,GB,The United Kingdom,EURO,6986,24084572,70,214256
2022-12-15,GB,The United Kingdom,EURO,7111,24091683,67,214323
2022-12-16,GB,The United Kingdom,EURO,6533,24098216,97,214420
2022-12-17,GB,The United Kingdom,EURO,6094,24104310,59,214479
2022-12-18,GB,The United Kingdom,EURO,6084,24110394,88,214567
2022-12-19,GB,The United Kingdom,EURO,4743,24115137,92,214659
2022-12-20,GB,The United Kingdom,EURO,5772,24120909,100,214759
2022-12-21,GB,The United Kingdom,EURO,9073,24129982,114,214873
2022-12-22,GB,The United Kingdom,EURO,8631,24138613,113,214986
2022-12-23,GB,The United Kingdom,EURO,7802,24146415,110,215096
2022-12-24,GB,The United Kingdom,EURO,6877,24153292,114,215210
2022-12-25,GB,The United Kingdom,EURO,5741,24159033,119,215329
2022-12-26,GB,The United Kingdom,EURO,4132,24163165,145,215474
2022-12-27,GB,The United Kingdom,EURO,3694,24166859,131,215605
2022-12-28,GB,The United Kingdom,EURO,4950,24171809,129,215734
2022-12-29,GB,The United Kingdom,EURO,6605,24178414,142,215876
2022-12-30,GB,The United Kingdom,EURO,8419,24186833,134,216010
2022-12-31,GB,The United Kingdom,EURO,7718,24194551,133,216143
2023-01-01,GB,The United Kingdom,EURO,6126,24200677,156,216299
2023-01-02,GB,The United Kingdom,EURO,4287,24204964,150,216449
2023-01-03,GB,The United Kingdom,EURO,3662,24208626,130,216579
2023-01-04,GB,The United Kingdom,EURO,5057,24213683,129,216708
2023-01-05,GB,The United Kingdom,EURO,6260,24219943,139,216847
2023-01-06,GB,The United Kingdom,EURO,5590,24225533,139,216986
2023-01-07,GB,The United Kingdom,EURO,4683,24230216,146,217132
2023-01-08,GB,The United Kingdom,EURO,3850,24234066,116,217248
2023-01-09,GB,The United Kingdom,EURO,2732,24236798,121,217369
2023-01-10,GB,The United Kingdom,EURO,2821,24239619,124,217493
2023-01-11,GB,The United Kingdom,EURO,3606,24243225,133,217626
2023-01-12,GB,The United Kingdom,EURO,3117,24246342,115,217741
2023-01-13,GB,The United Kingdom,EURO,2644,24248986,97,217838
2023-01-14,GB,The United Kingdom,EURO,2480,24251466,119,217957
2023-01-15,GB,The United Kingdom,EURO,2129,24253595,106,218063
2023-01-16,GB,The United Kingdom,EURO,1498,24255093,103,218166
2023-01-17,GB,The United Kingdom,EURO,1851,24256944,114,218280
2023-01-18,GB,The United Kingdom,EURO,2564,24259508,110,218390
2023-01-19,GB,The United Kingdom,EURO,2205,24261713,93,218483
2023-01-20,GB,The United Kingdom,EURO,2120,24263833,93,218576
2023-01-21,GB,The United Kingdom,EURO,2029,24265862,84,218660
2023-01-22,GB,The United Kingdom,EURO,1868,24267730,81,218741
2023-01-23,GB,The United Kingdom,EURO,1522,24269252,74,218815
2023-01-24,GB,The United Kingdom,EURO,1906,24271158,77,218892
2023-01-25,GB,The United Kingdom,EURO,2655,24273813,76,218968
2023-01-26,GB,The United Kingdom,EURO,2771,24276584,83,219051
2023-01-27,GB,The United Kingdom,EURO,2651,24279235,67,219118
2023-01-28,GB,The United Kingdom,EURO,2544,24281779,72,219190
2023-01-29,GB,The United Kingdom,EURO,2452,24284231,79,219269
2023-01-30,GB,The United Kingdom,EURO,1961,24286192,73,219342
2023-01-31,GB,The United Kingdom,EURO,2454,24288646,77,219419
2023-02-01,GB,The United Kingdom,EURO,3556,24292202,61,219480
2023-02-02,GB,The United Kingdom,EURO,3551,24295753,63,219543
2023-02-03,GB,The United Kingdom,EURO,3476,24299229,71,219614
2023-02-04,GB,The United Kingdom,EURO,3221,24302450,76,219690
2023-02-05,GB,The United Kingdom,EURO,2971,24305421,70,219760
2023-02-06,GB,The United Kingdom,EURO,2397,24307818,66,219826
2023-02-07,GB,The United Kingdom,EURO,2816,24310634,73,219899
2023-02-08,GB,The United Kingdom,EURO,3979,24314613,57,219956
2023-02-09,GB,The United Kingdom,EURO,3717,24318330,67,220023
2023-02-10,GB,The United Kingdom,EURO,3664,24321994,72,220095
2023-02-11,GB,The United Kingdom,EURO,3356,24325350,64,220159
2023-02-12,GB,The United Kingdom,EURO,3296,24328646,76,220235
2023-02-13,GB,The United Kingdom,EURO,2577,24331223,61,220296
2023-02-14,GB,The United Kingdom,EURO,3183,24334406,69,220365
2023-02-15,GB,The United Kingdom,EURO,4884,24339290,54,220419
2023-02-16,GB,The United Kingdom,EURO,4698,24343988,77,220496
2023-02-17,GB,The United Kingdom,EURO,4251,24348239,71,220567
2023-02-18,GB,The United Kingdom,EURO,4290,24352529,75,220642
2023-02-19,GB,The United Kingdom,EURO,4072,24356601,84,220726
2023-02-20,GB,The United Kingdom,EURO,3145,24359746,78,220804
2023-02-21,GB,The United Kingdom,EURO,3700,24363446,60,220864
2023-02-22,GB,The United Kingdom,EURO,4908,24368354,80,220944
2023-02-23,GB,The United Kingdom,EURO,4701,24373055,60,221004
2023-02-24,GB,The United Kingdom,EURO,4212,24377267,84,221088
2023-02-25,GB,The United Kingdom,EURO,3775,24381042,75,221163
2023-02-26,GB,The United Kingdom,EURO,3402,24384444,81,221244
2023-02-27,GB,The United Kingdom,EURO,2737,24387181,77,221321
2023-02-28,GB,The United Kingdom,EURO,3165,24390346,85,221406
2023-03-01,GB,The United Kingdom,EURO,4743,24395089,79,221485
2023-03-02,GB,The United Kingdom,EURO,4548,24399637,74,221559
2023-03-03,GB,The United Kingdom,EURO,4378,24404015,83,221642
2023-03-04,GB,The United Kingdom,EURO,3945,24407960,102,221744
2023-03-05,GB,The United Kingdom,EURO,3722,24411682,80,221824
2023-03-06,GB,The United Kingdom,EURO,2816,24414498,100,221924
2023-03-07,GB,The United Kingdom,EURO,3497,24417995,97,222021
2023-03-08,GB,The United Kingdom,EURO,5093,24423088,90,222111
2023-03-09,GB,The United Kingdom,EURO,4909,24427997,93,222204
2023-03-10,GB,The United Kingdom,EURO,4738,24432735,94,222298
2023-03-11,GB,The United Kingdom,EURO,4350,24437085,94,222392
2023-03-12,GB,The United Kingdom,EURO,4015,24441100,93,222485
2023-03-13,GB,The United Kingdom,EURO,3430,24444530,100,222585
2023-03-14,GB,The United Kingdom,EURO,4445,24448975,101,222686
2023-03-15,GB,The United Kingdom,EURO,5878,24454853,96,222782
2023-03-16,GB,The United Kingdom,EURO,5620,24460473,94,222876
2023-03-17,GB,The United Kingdom,EURO,4875,24465348,106,222982
2023-03-18,GB,The United Kingdom,EURO,4905,24470253,103,223085
2023-03-19,GB,The United Kingdom,EURO,4188,24474441,111,223196
2023-03-20,GB,The United Kingdom,EURO,3457,24477898,99,223295
2023-03-21,GB,The United Kingdom,EURO,4117,24482015,91,223386
2023-03-22,GB,The United Kingdom,EURO,5292,24487307,96,223482
2023-03-23,GB,The United Kingdom,EURO,5298,24492605,128,223610
2023-03-24,GB,The United Kingdom,EURO,4871,24497476,102,223712
2023-03-25,GB,The United Kingdom,EURO,4441,24501917,107,223819
2023-03-26,GB,The United Kingdom,EURO,4173,24506090,113,223932
2023-03-27,GB,The United Kingdom,EURO,3059,24509149,115,224047
2023-03-28,GB,The United Kingdom,EURO,3514,24512663,86,224133
2023-03-29,GB,The United Kingdom,EURO,4414,24517077,98,224231
2023-03-30,GB,The United Kingdom,EURO,4002,24521079,113,224344
2023-03-31,GB,The United Kingdom,EURO,3863,24524942,95,224439
2023-04-01,GB,The United Kingdom,EURO,3461,24528403,108,224547
2023-04-02,GB,The United Kingdom,EURO,2860,24531263,75,224622
2023-04-03,GB,The United Kingdom,EURO,2348,24533611,76,224698
2023-04-04,GB,The United Kingdom,EURO,2517,24536128,78,224776
2023-04-05,GB,The United Kingdom,EURO,2785,24538913,87,224863
2023-04-06,GB,The United Kingdom,EURO,2513,24541426,99,224962
2023-04-07,GB,The United Kingdom,EURO,2603,24544029,67,225029
2023-04-08,GB,The United Kingdom,EURO,2290,24546319,103,225132
2023-04-09,GB,The United Kingdom,EURO,1838,24548157,94,225226
2023-04-10,GB,The United Kingdom,EURO,1715,24549872,84,225310
2023-04-11,GB,The United Kingdom,EURO,1874,24551746,69,225379
2023-04-12,GB,The United Kingdom,EURO,2440,24554186,74,225453
2023-04-13,GB,The United Kingdom,EURO,2640,24556826,75,225528
2023-04-14,GB,The United Kingdom,EURO,2345,24559171,76,225604
2023-04-15,GB,The United Kingdom,EURO,2141,24561312,91,225695
2023-04-16,GB,The United Kingdom,EURO,1762,24563074,80,225775
2023-04-17,GB,The United Kingdom,EURO,1438,24564512,70,225845
2023-04-18,GB,The United Kingdom,EURO,1989,24566501,79,225924
2023-04-19,GB,The United Kingdom,EURO,2334,24568835,65,225989
2023-04-20,GB,The United Kingdom,EURO,2011,24570846,67,226056
2023-04-21,GB,The United Kingdom,EURO,1885,24572731,81,226137
2023-04-22,GB,The United Kingdom,EURO,1665,24574396,72,226209
2023-04-23,GB,The United Kingdom,EURO,1501,24575897,84,226293
2023-04-24,GB,The United Kingdom,EURO,1315,24577212,55,226348
2023-04-25,GB,The United Kingdom,EURO,1585,24578797,73,226421
2023-04-26,GB,The United Kingdom,EURO,1906,24580703,49,226470
2023-04-27,GB,The United Kingdom,EURO,1796,24582499,61,226531
2023-04-28,GB,The United Kingdom,EURO,1740,24584239,62,226593
2023-04-29,GB,The United Kingdom,EURO,1657,24585896,52,226645
2023-04-30,GB,The United Kingdom,EURO,1493,24587389,53,226698
2023-05-01,GB,The United Kingdom,EURO,1349,24588738,53,226751
2023-05-02,GB,The United Kingdom,EURO,1393,24590131,42,226793
2023-05-03,GB,The United Kingdom,EURO,1788,24591919,51,226844
2023-05-04,GB,The United Kingdom,EURO,1963,24593882,59,226903
2023-05-05,GB,The United Kingdom,EURO,1674,24595556,49,226952
2023-05-06,GB,The United Kingdom,EURO,1624,24597180,54,227006
2023-05-07,GB,The United Kingdom,EURO,1312,24598492,46,227052
2023-05-08,GB,The United Kingdom,EURO,1021,24599513,47,227099
2023-05-09,GB,The United Kingdom,EURO,1199,24600712,54,227153
2023-05-10,GB,The United Kingdom,EURO,1441,24602153,38,227191
2023-05-11,GB,The United Kingdom,EURO,1571,24603724,36,227227
2023-05-12,GB,The United Kingdom,EURO,1409,24605133,41,227268
2023-05-13,GB,The United Kingdom,EURO,1304,24606437,55,227323
2023-05-14,GB,The United Kingdom,EURO,1032,24607469,49,227372
2023-05-15,GB,The United Kingdom,EURO,871,24608340,32,227404
2023-05-16,GB,The United Kingdom,EURO,1108,24609448,30,227434
2023-05-17,GB,The United Kingdom,EURO,1245,24610693,31,227465
2023-05-18,GB,The United Kingdom,EURO,1161,24611854,50,227515
2023-05-19,GB,The United Kingdom,EURO,1111,24612965,49,227564
2023-05-20,GB,The United Kingdom,EURO,1055,24614020,37,227601
2023-05-21,GB,The United Kingdom,EURO,942,24614962,47,227648
2023-05-22,GB,The United Kingdom,EURO,782,24615744,30,227678
2023-05-23,GB,The United Kingdom,EURO,964,24616708,33,227711
2023-05-24,GB,The United Kingdom,EURO,1192,24617900,39,227750
2023-05-25,GB,The United Kingdom,EURO,1130,24619030,31,227781
2023-05-26,GB,The United Kingdom,EURO,1026,24620056,34,227815
2023-05-27,GB,The United Kingdom,EURO,888,24620944,25,227840
2023-05-28,GB,The United Kingdom,EURO,776,24621720,44,227884
2023-05-29,GB,The United Kingdom,EURO,622,24622342,37,227921
2023-05-30,GB,The United Kingdom,EURO,665,24623007,25,227946
2023-05-31,GB,The United Kingdom,EURO,818,24623825,24,227970
2023-06-01,GB,The United Kingdom,EURO,866,24624691,34,228004
2023-06-02,GB,The United Kingdom,EURO,909,24625600,22,228026
2023-06-03,GB,The United Kingdom,EURO,736,24626336,31,228057
2023-06-04,GB,The United Kingdom,EURO,644,24626980,25,228082
2023-06-05,GB,The United Kingdom,EURO,530,24627510,32,228114
2023-06-06,GB,The United Kingdom,EURO,668,24628178,26,228140
2023-06-07,GB,The United Kingdom,EURO,881,24629059,22,228162
2023-06-08,GB,The United Kingdom,EURO,856,24629915,24,228186
2023-06-09,GB,The United Kingdom,EURO,772,24630687,24,228210
2023-06-10,GB,The United Kingdom,EURO,640,24631327,24,228234
2023-06-11,GB,The United Kingdom,EURO,547,24631874,19,228253
2023-06-12,GB,The United Kingdom,EURO,426,24632300,23,228276
2023-06-13,GB,The United Kingdom,EURO,572,24632872,29,228305
2023-06-14,GB,The United Kingdom,EURO,675,24633547,31,228336
2023-06-15,GB,The United Kingdom,EURO,580,24634127,27,228363
2023-06-16,GB,The United Kingdom,EURO,524,24634651,30,228393
2023-06-17,GB,The United Kingdom,EURO,450,24635101,23,228416
2023-06-18,GB,The United Kingdom,EURO,393,24635494,24,228440
2023-06-19,GB,The United Kingdom,EURO,381,24635875,15,228455
2023-06-20,GB,The United Kingdom,EURO,387,24636262,18,228473
2023-06-21,GB,The United Kingdom,EURO,467,24636729,21,228494
2023-06-22,GB,The United Kingdom,EURO,436,24637165,19,228513
2023-06-23,GB,The United Kingdom,EURO,409,24637574,17,228530
2023-06-24,GB,The United Kingdom,EURO,398,24637972,9,228539
2023-06-25,GB,The United Kingdom,EURO,326,24638298,15,228554
2023-06-26,GB,The United Kingdom,EURO,285,24638583,13,228567
2023-06-27,GB,The United Kingdom,EURO,333,24638916,21,228588
2023-06-28,GB,The United Kingdom,EURO,347,24639263,10,228598
2023-06-29,GB,The United Kingdom,EURO,330,24639593,18,228616
2023-06-30,GB,The United Kingdom,EURO,339,24639932,7,228623
2023-07-01,GB,The United Kingdom,EURO,289,24640221,14,228637
2023-07-02,GB,The United Kingdom,EURO,270,24640491,19,228656
2023-07-03,GB,The United Kingdom,EURO,239,24640730,13,228669
2023-07-04,GB,The United Kingdom,EURO,300,24641030,14,228683
2023-07-05,GB,The United Kingdom,EURO,389,24641419,7,228690
2023-07-06,GB,The United Kingdom,EURO,352,24641771,9,228699
2023-07-07,GB,The United Kingdom,EURO,400,24642171,12,228711
2023-07-08,GB,The United Kingdom,EURO,375,24642546,12,228723
2023-07-09,GB,The United Kingdom,EURO,401,24642947,7,228730
2023-07-10,GB,The United Kingdom,EURO,341,24643288,9,228739
2023-07-11,GB,The United Kingdom,EURO,428,24643716,8,228747
2023-07-12,GB,The United Kingdom,EURO,502,24644218,11,228758
2023-07-13,GB,The United Kingdom,EURO,502,24644720,8,228766
2023-07-14,GB,The United Kingdom,EURO,478,24645198,8,228774
2023-07-15,GB,The United Kingdom,EURO,474,24645672,15,228789
2023-07-16,GB,The United Kingdom,EURO,389,24646061,4,228793
2023-07-17,GB,The United Kingdom,EURO,385,24646446,10,228803
2023-07-18,GB,The United Kingdom,EURO,424,24646870,8,228811
2023-07-19,GB,The United Kingdom,EURO,582,24647452,8,228819
2023-07-20,GB,The United Kingdom,EURO,599,24648051,11,228830
2023-07-21,GB,The United Kingdom,EURO,538,24648589,12,228842
2023-07-22,GB,The United Kingdom,EURO,576,24649165,3,228845
2023-07-23,GB,The United Kingdom,EURO,513,24649678,12,228857
2023-07-24,GB,The United Kingdom,EURO,467,24650145,8,228865
2023-07-25,GB,The United Kingdom,EURO,552,24650697,11,228876
2023-07-26,GB,The United Kingdom,EURO,716,24651413,9,228885
2023-07-27,GB,The United Kingdom,EURO,756,24652169,11,228896
2023-07-28,GB,The United Kingdom,EURO,732,24652901,16,228912
2023-07-29,GB,The United Kingdom,EURO,713,24653614,13,228925
2023-07-30,GB,The United Kingdom,EURO,741,24654355,16,228941
2023-07-31,GB,The United Kingdom,EURO,720,24655075,13,228954
2023-08-01,GB,The United Kingdom,EURO,870,24655945,10,228964
2023-08-02,GB,The United Kingdom,EURO,969,24656914,17,228981
2023-08-03,GB,The United Kingdom,EURO,970,24657884,18,228999
2023-08-04,GB,The United Kingdom,EURO,945,24658829,20,229019
2023-08-05,GB,The United Kingdom,EURO,930,24659759,12,229031
2023-08-06,GB,The United Kingdom,EURO,908,24660667,13,229044
2023-08-07,GB,The United Kingdom,EURO,794,24661461,22,229066
2023-08-08,GB,The United Kingdom,EURO,963,24662424,20,229086
2023-08-09,GB,The United Kingdom,EURO,1183,24663607,13,229099
2023-08-10,GB,The United Kingdom,EURO,1293,24664900,13,229112
2023-08-11,GB,The United Kingdom,EURO,1249,24666149,13,229125
2023-08-12,GB,The United Kingdom,EURO,1185,24667334,32,229157
2023-08-13,GB,The United Kingdom,EURO,1106,24668440,24,229181
2023-08-14,GB,The United Kingdom,EURO,1026,24669466,37,229218
2023-08-15,GB,The United Kingdom,EURO,1126,24670592,21,229239
2023-08-16,GB,The United Kingdom,EURO,1335,24671927,27,229266
2023-08-17,GB,The United Kingdom,EURO,1315,24673242,24,229290
2023-08-18,GB,The United Kingdom,EURO,1306,24674548,33,229323
2023-08-19,GB,The United Kingdom,EURO,1261,24675809,35,229358
2023-08-20,GB,The United Kingdom,EURO,1173,24676982,27,229385
2023-08-21,GB,The United Kingdom,EURO,1027,24678009,46,229431
2023-08-22,GB,The United Kingdom,EURO,1168,24679177,32,229463
2023-08-23,GB,The United Kingdom,EURO,1453,24680630,30,229493
2023-08-24,GB,The United Kingdom,EURO,1448,24682078,32,229525
2023-08-25,GB,The United Kingdom,EURO,1361,24683439,26,229551
2023-08-26,GB,The United Kingdom,EURO,1317,24684756,29,229580
2023-08-27,GB,The United Kingdom,EURO,1213,24685969,31,229611
2023-08-28,GB,The United Kingdom,EURO,1033,24687002,23,229634
2023-08-29,GB,The United Kingdom,EURO,1111,24688113,29,229663
2023-08-30,GB,The United Kingdom,EURO,1337,24689450,22,229685
2023-08-31,GB,The United Kingdom,EURO,1654,24691104,38,229723
2023-09-01,GB,The United Kingdom,EURO,1817,24692921,34,229757
2023-09-02,GB,The United Kingdom,EURO,1750,24694671,21,229778
2023-09-03,GB,The United Kingdom,EURO,1768,24696439,25,229803
2023-09-04,GB,The United Kingdom,EURO,1568,24698007,34,229837
2023-09-05,GB,The United Kingdom,EURO,1916,24699923,36,229873
2023-09-06,GB,The United Kingdom,EURO,2305,24702228,33,229906
2023-09-07,GB,The United Kingdom,EURO,2240,24704468,45,229951
2023-09-08,GB,The United Kingdom,EURO,2154,24706622,44,229995
2023-09-09,GB,The United Kingdom,EURO,1960,24708582,38,230033
2023-09-10,GB,The United Kingdom,EURO,1779,24710361,51,230084
2023-09-11,GB,The United Kingdom,EURO,1526,24711887,43,230127
2023-09-12,GB,The United Kingdom,EURO,1764,24713651,47,230174
2023-09-13,GB,The United Kingdom,EURO,2091,24715742,37,230211
2023-09-14,GB,The United Kingdom,EURO,1897,24717639,39,230250
2023-09-15,GB,The United Kingdom,EURO,1700,24719339,48,230298
2023-09-16,GB,The United Kingdom,EURO,1714,24721053,43,230341
2023-09-17,GB,The United Kingdom,EURO,1545,24722598,42,230383
2023-09-18,GB,The United Kingdom,EURO,1429,24724027,0,230383
2023-09-19,GB,The United Kingdom,EURO,1749,24725776,0,230383
2023-09-20,GB,The United Kingdom,EURO,2157,24727933,0,230383
2023-09-21,GB,The United Kingdom,EURO,2190,24730123,0,230383
2023-09-22,GB,The United Kingdom,EURO,2117,24732240,0,230383
2023-09-23,GB,The United Kingdom,EURO,2005,24734245,0,230383
2023-09-24,GB,The United Kingdom,EURO,1881,24736126,0,230383
2023-09-25,GB,The United Kingdom,EURO,1716,24737842,0,230383
2023-09-26,GB,The United Kingdom,EURO,2181,24740023,0,230383
2023-09-27,GB,The United Kingdom,EURO,2776,24742799,0,230383
2023-09-28,GB,The United Kingdom,EURO,2941,24745740,0,230383
2023-09-29,GB,The United Kingdom,EURO,2887,24748627,0,230383
2023-09-30,GB,The United Kingdom,EURO,2527,24751154,0,230383
2023-10-01,GB,The United Kingdom,EURO,2298,24753452,0,230383
2023-10-02,GB,The United Kingdom,EURO,2072,24755524,0,230383
2023-10-03,GB,The United Kingdom,EURO,2528,24758052,0,230383
2023-10-04,GB,The United Kingdom,EURO,2679,24760731,0,230383
2023-10-05,GB,The United Kingdom,EURO,2641,24763372,0,230383
2023-10-06,GB,The United Kingdom,EURO,2443,24765815,0,230383
2023-10-07,GB,The United Kingdom,EURO,2259,24768074,0,230383
2023-10-08,GB,The United Kingdom,EURO,2145,24770219,0,230383
2023-10-09,GB,The United Kingdom,EURO,1650,24771869,0,230383
2023-10-10,GB,The United Kingdom,EURO,2043,24773912,0,230383
2023-10-11,GB,The United Kingdom,EURO,2208,24776120,0,230383
2023-10-12,GB,The United Kingdom,EURO,1860,24777980,0,230383
2023-10-13,GB,The United Kingdom,EURO,1170,24779150,0,230383
2023-10-14,GB,The United Kingdom,EURO,0,24779150,0,230383
2023-10-15,GB,The United Kingdom,EURO,0,24779150,0,230383
2023-10-16,GB,The United Kingdom,EURO,0,24779150,0,230383
2023-10-17,GB,The United Kingdom,EURO,0,24779150,0,230383
2023-10-18,GB,The United Kingdom,EURO,0,24779150,0,230383
